INTRA2X2_LUMA =
17, 17,
17, 18,

INTRA2X2_CHROMAU =
17, 17,
17, 18,

INTRA2X2_CHROMAV =
17, 17,
17, 18,

INTER2X2_LUMA =
17, 17,
17, 18,

INTER2X2_CHROMAU =
17, 17,
17, 18,

INTER2X2_CHROMAV =
17, 17,
17, 18,

INTRA4X4_LUMA =
17, 17, 17, 18,
17, 17, 17, 17,
17, 17, 17, 19,
18, 18, 19, 29,

INTRA4X4_CHROMAU =
17, 17, 17, 18,
17, 17, 17, 17,
17, 17, 17, 19,
18, 18, 19, 29,

INTRA4X4_CHROMAV =
17, 17, 17, 18,
17, 17, 17, 17,
17, 17, 17, 19,
18, 18, 19, 29,

INTER4X4_LUMA =
17, 17, 17, 18,
17, 17, 17, 17,
17, 17, 17, 19,
18, 18, 19, 29,

INTER4X4_CHROMAU =
17, 17, 17, 18,
17, 17, 17, 17,
17, 17, 17, 19,
18, 18, 19, 29,

INTER4X4_CHROMAV =
17, 17, 17, 18,
17, 17, 17, 17,
17, 17, 17, 19,
18, 18, 19, 29,

INTRA8X8_LUMA =
16, 16, 16, 16, 16, 16, 16, 16,
16, 16, 16, 16, 16, 16, 16, 16,
16, 16, 16, 16, 16, 16, 16, 16,
16, 16, 16, 16, 16, 16, 16, 16,
16, 16, 16, 16, 16, 16, 16, 16,
16, 16, 16, 16, 16, 16, 16, 23,
16, 16, 16, 16, 16, 16, 17, 48,
16, 16, 17, 16, 16, 26, 41, 98,

INTRA8X8_CHROMAU =
16, 16, 16, 16, 16, 16, 16, 16,
16, 16, 16, 16, 16, 16, 16, 16,
16, 16, 16, 16, 16, 16, 16, 16,
16, 16, 16, 16, 16, 16, 16, 16,
16, 16, 16, 16, 16, 16, 16, 16,
16, 16, 16, 16, 16, 16, 16, 23,
16, 16, 16, 16, 16, 16, 17, 48,
16, 16, 17, 16, 16, 26, 41, 98,

INTRA8X8_CHROMAV =
16, 16, 16, 16, 16, 16, 16, 16,
16, 16, 16, 16, 16, 16, 16, 16,
16, 16, 16, 16, 16, 16, 16, 16,
16, 16, 16, 16, 16, 16, 16, 16,
16, 16, 16, 16, 16, 16, 16, 16,
16, 16, 16, 16, 16, 16, 16, 23,
16, 16, 16, 16, 16, 16, 17, 48,
16, 16, 17, 16, 16, 26, 41, 98,

INTER8X8_LUMA =
16, 16, 16, 16, 16, 16, 16, 16,
16, 16, 16, 16, 16, 16, 16, 16,
16, 16, 16, 16, 16, 16, 16, 16,
16, 16, 16, 16, 16, 16, 16, 16,
16, 16, 16, 16, 16, 16, 16, 16,
16, 16, 16, 16, 16, 16, 16, 23,
16, 16, 16, 16, 16, 16, 17, 48,
16, 16, 17, 16, 16, 26, 41, 98,

INTER8X8_CHROMAU =
16, 16, 16, 16, 16, 16, 16, 16,
16, 16, 16, 16, 16, 16, 16, 16,
16, 16, 16, 16, 16, 16, 16, 16,
16, 16, 16, 16, 16, 16, 16, 16,
16, 16, 16, 16, 16, 16, 16, 16,
16, 16, 16, 16, 16, 16, 16, 23,
16, 16, 16, 16, 16, 16, 17, 48,
16, 16, 17, 16, 16, 26, 41, 98,

INTER8X8_CHROMAV =
16, 16, 16, 16, 16, 16, 16, 16,
16, 16, 16, 16, 16, 16, 16, 16,
16, 16, 16, 16, 16, 16, 16, 16,
16, 16, 16, 16, 16, 16, 16, 16,
16, 16, 16, 16, 16, 16, 16, 16,
16, 16, 16, 16, 16, 16, 16, 23,
16, 16, 16, 16, 16, 16, 17, 48,
16, 16, 17, 16, 16, 26, 41, 98,

INTRA16X16_LUMA =
21, 18, 18, 17, 18, 19, 23, 36,
19, 17, 17, 17, 17, 18, 22, 31,
18, 17, 17, 17, 17, 18, 21, 27,
17, 17, 17, 17, 17, 18, 21, 27,
18, 17, 17, 17, 18, 19, 23, 36,
19, 18, 18, 18, 19, 22, 30, 51,
21, 21, 20, 20, 23, 29, 45, 48,
31, 28, 37, 30, 36, 51, 57, 45,

INTRA16X16_LUMA_DC =
24,

INTRA16X16_CHROMAU =
21, 18, 18, 17, 18, 19, 23, 36,
19, 17, 17, 17, 17, 18, 22, 31,
18, 17, 17, 17, 17, 18, 21, 27,
17, 17, 17, 17, 17, 18, 21, 27,
18, 17, 17, 17, 18, 19, 23, 36,
19, 18, 18, 18, 19, 22, 30, 51,
21, 21, 20, 20, 23, 29, 45, 48,
31, 28, 37, 30, 36, 51, 57, 45,

INTRA16X16_CHROMAU_DC =
24,

INTRA16X16_CHROMAV =
21, 18, 18, 17, 18, 19, 23, 36,
19, 17, 17, 17, 17, 18, 22, 31,
18, 17, 17, 17, 17, 18, 21, 27,
17, 17, 17, 17, 17, 18, 21, 27,
18, 17, 17, 17, 18, 19, 23, 36,
19, 18, 18, 18, 19, 22, 30, 51,
21, 21, 20, 20, 23, 29, 45, 48,
31, 28, 37, 30, 36, 51, 57, 45,

INTRA16X16_CHROMAV_DC =
24,

INTER16X16_LUMA =
21, 18, 18, 17, 18, 19, 23, 36,
19, 17, 17, 17, 17, 18, 22, 31,
18, 17, 17, 17, 17, 18, 21, 27,
17, 17, 17, 17, 17, 18, 21, 27,
18, 17, 17, 17, 18, 19, 23, 36,
19, 18, 18, 18, 19, 22, 30, 51,
21, 21, 20, 20, 23, 29, 45, 48,
31, 28, 37, 30, 36, 51, 57, 45,

INTER16X16_LUMA_DC =
24,

INTER16X16_CHROMAU =
21, 18, 18, 17, 18, 19, 23, 36,
19, 17, 17, 17, 17, 18, 22, 31,
18, 17, 17, 17, 17, 18, 21, 27,
17, 17, 17, 17, 17, 18, 21, 27,
18, 17, 17, 17, 18, 19, 23, 36,
19, 18, 18, 18, 19, 22, 30, 51,
21, 21, 20, 20, 23, 29, 45, 48,
31, 28, 37, 30, 36, 51, 57, 45,

INTER16X16_CHROMAU_DC =
24,

INTER16X16_CHROMAV =
21, 18, 18, 17, 18, 19, 23, 36,
19, 17, 17, 17, 17, 18, 22, 31,
18, 17, 17, 17, 17, 18, 21, 27,
17, 17, 17, 17, 17, 18, 21, 27,
18, 17, 17, 17, 18, 19, 23, 36,
19, 18, 18, 18, 19, 22, 30, 51,
21, 21, 20, 20, 23, 29, 45, 48,
31, 28, 37, 30, 36, 51, 57, 45,

INTER16X16_CHROMAV_DC =
24,

INTRA32X32_LUMA =
28, 18, 18, 18, 19, 25, 33, 53,
20, 18, 18, 18, 18, 21, 26, 41,
19, 18, 17, 18, 18, 20, 26, 39,
18, 18, 17, 18, 19, 21, 26, 42,
19, 18, 18, 19, 20, 23, 34, 58,
21, 21, 20, 20, 23, 29, 50, 64,
28, 26, 25, 25, 31, 53, 68, 56,
44, 39, 43, 48, 61, 68, 56, 50,

INTRA32X32_LUMA_DC =
23,

INTRA32X32_CHROMAU =
28, 18, 18, 18, 19, 25, 33, 53,
20, 18, 18, 18, 18, 21, 26, 41,
19, 18, 17, 18, 18, 20, 26, 39,
18, 18, 17, 18, 19, 21, 26, 42,
19, 18, 18, 19, 20, 23, 34, 58,
21, 21, 20, 20, 23, 29, 50, 64,
28, 26, 25, 25, 31, 53, 68, 56,
44, 39, 43, 48, 61, 68, 56, 50,

INTRA32X32_CHROMAU_DC =
23,

INTRA32X32_CHROMAV =
28, 18, 18, 18, 19, 25, 33, 53,
20, 18, 18, 18, 18, 21, 26, 41,
19, 18, 17, 18, 18, 20, 26, 39,
18, 18, 17, 18, 19, 21, 26, 42,
19, 18, 18, 19, 20, 23, 34, 58,
21, 21, 20, 20, 23, 29, 50, 64,
28, 26, 25, 25, 31, 53, 68, 56,
44, 39, 43, 48, 61, 68, 56, 50,

INTRA32X32_CHROMAV_DC =
23,

INTER32X32_LUMA =
28, 18, 18, 18, 19, 25, 33, 53,
20, 18, 18, 18, 18, 21, 26, 41,
19, 18, 17, 18, 18, 20, 26, 39,
18, 18, 17, 18, 19, 21, 26, 42,
19, 18, 18, 19, 20, 23, 34, 58,
21, 21, 20, 20, 23, 29, 50, 64,
28, 26, 25, 25, 31, 53, 68, 56,
44, 39, 43, 48, 61, 68, 56, 50,

INTER32X32_LUMA_DC =
23,

INTER32X32_CHROMAU =
28, 18, 18, 18, 19, 25, 33, 53,
20, 18, 18, 18, 18, 21, 26, 41,
19, 18, 17, 18, 18, 20, 26, 39,
18, 18, 17, 18, 19, 21, 26, 42,
19, 18, 18, 19, 20, 23, 34, 58,
21, 21, 20, 20, 23, 29, 50, 64,
28, 26, 25, 25, 31, 53, 68, 56,
44, 39, 43, 48, 61, 68, 56, 50,

INTER32X32_CHROMAU_DC =
23,

INTER32X32_CHROMAV =
28, 18, 18, 18, 19, 25, 33, 53,
20, 18, 18, 18, 18, 21, 26, 41,
19, 18, 17, 18, 18, 20, 26, 39,
18, 18, 17, 18, 19, 21, 26, 42,
19, 18, 18, 19, 20, 23, 34, 58,
21, 21, 20, 20, 23, 29, 50, 64,
28, 26, 25, 25, 31, 53, 68, 56,
44, 39, 43, 48, 61, 68, 56, 50,

INTER32X32_CHROMAV_DC =
23,

INTRA64X64_LUMA =
28, 18, 18, 18, 19, 25, 33, 53,
20, 18, 18, 18, 18, 21, 26, 41,
19, 18, 17, 18, 18, 20, 26, 39,
18, 18, 17, 18, 19, 21, 26, 42,
19, 18, 18, 19, 20, 23, 34, 58,
21, 21, 20, 20, 23, 29, 50, 64,
28, 26, 25, 25, 31, 53, 68, 56,
44, 39, 43, 48, 61, 68, 56, 50,

INTRA64X64_LUMA_DC =
23,

INTER64X64_LUMA =
28, 18, 18, 18, 19, 25, 33, 53,
20, 18, 18, 18, 18, 21, 26, 41,
19, 18, 17, 18, 18, 20, 26, 39,
18, 18, 17, 18, 19, 21, 26, 42,
19, 18, 18, 19, 20, 23, 34, 58,
21, 21, 20, 20, 23, 29, 50, 64,
28, 26, 25, 25, 31, 53, 68, 56,
44, 39, 43, 48, 61, 68, 56, 50,

INTER64X64_LUMA_DC =
23,

