INTRA2X2_LUMA =
16, 16,
16, 35,

INTRA2X2_CHROMAU =
16, 16,
16, 35,

INTRA2X2_CHROMAV =
16, 16,
16, 35,

INTER2X2_LUMA =
16, 16,
16, 35,

INTER2X2_CHROMAU =
16, 16,
16, 35,

INTER2X2_CHROMAV =
16, 16,
16, 35,

INTRA4X4_LUMA =
16, 16, 16, 17,
16, 16, 16, 17,
16, 16, 17, 44,
17, 22, 24, 53,

INTRA4X4_CHROMAU =
16, 16, 16, 17,
16, 16, 16, 17,
16, 16, 17, 44,
17, 22, 24, 53,

INTRA4X4_CHROMAV =
16, 16, 16, 17,
16, 16, 16, 17,
16, 16, 17, 44,
17, 22, 24, 53,

INTER4X4_LUMA =
16, 16, 16, 17,
16, 16, 16, 17,
16, 16, 17, 44,
17, 22, 24, 53,

INTER4X4_CHROMAU =
16, 16, 16, 17,
16, 16, 16, 17,
16, 16, 17, 44,
17, 22, 24, 53,

INTER4X4_CHROMAV =
16, 16, 16, 17,
16, 16, 16, 17,
16, 16, 17, 44,
17, 22, 24, 53,

INTRA8X8_LUMA =
16, 16, 16, 16, 16, 16, 16, 16,
16, 16, 16, 16, 16, 16, 16, 31,
16, 16, 16, 16, 16, 16, 16, 56,
16, 16, 16, 16, 16, 16, 16, 63,
16, 16, 16, 16, 16, 16, 16, 16,
16, 16, 16, 16, 16, 36, 16, 16,
16, 16, 16, 16, 16, 128, 16, 16,
43, 22, 45, 16, 16, 69, 16, 16,

INTRA8X8_CHROMAU =
16, 16, 16, 16, 16, 16, 16, 16,
16, 16, 16, 16, 16, 16, 16, 31,
16, 16, 16, 16, 16, 16, 16, 56,
16, 16, 16, 16, 16, 16, 16, 63,
16, 16, 16, 16, 16, 16, 16, 16,
16, 16, 16, 16, 16, 36, 16, 16,
16, 16, 16, 16, 16, 128, 16, 16,
43, 22, 45, 16, 16, 69, 16, 16,

INTRA8X8_CHROMAV =
16, 16, 16, 16, 16, 16, 16, 16,
16, 16, 16, 16, 16, 16, 16, 31,
16, 16, 16, 16, 16, 16, 16, 56,
16, 16, 16, 16, 16, 16, 16, 63,
16, 16, 16, 16, 16, 16, 16, 16,
16, 16, 16, 16, 16, 36, 16, 16,
16, 16, 16, 16, 16, 128, 16, 16,
43, 22, 45, 16, 16, 69, 16, 16,

INTER8X8_LUMA =
16, 16, 16, 16, 16, 16, 16, 16,
16, 16, 16, 16, 16, 16, 16, 31,
16, 16, 16, 16, 16, 16, 16, 56,
16, 16, 16, 16, 16, 16, 16, 63,
16, 16, 16, 16, 16, 16, 16, 16,
16, 16, 16, 16, 16, 36, 16, 16,
16, 16, 16, 16, 16, 128, 16, 16,
43, 22, 45, 16, 16, 69, 16, 16,

INTER8X8_CHROMAU =
16, 16, 16, 16, 16, 16, 16, 16,
16, 16, 16, 16, 16, 16, 16, 31,
16, 16, 16, 16, 16, 16, 16, 56,
16, 16, 16, 16, 16, 16, 16, 63,
16, 16, 16, 16, 16, 16, 16, 16,
16, 16, 16, 16, 16, 36, 16, 16,
16, 16, 16, 16, 16, 128, 16, 16,
43, 22, 45, 16, 16, 69, 16, 16,

INTER8X8_CHROMAV =
16, 16, 16, 16, 16, 16, 16, 16,
16, 16, 16, 16, 16, 16, 16, 31,
16, 16, 16, 16, 16, 16, 16, 56,
16, 16, 16, 16, 16, 16, 16, 63,
16, 16, 16, 16, 16, 16, 16, 16,
16, 16, 16, 16, 16, 36, 16, 16,
16, 16, 16, 16, 16, 128, 16, 16,
43, 22, 45, 16, 16, 69, 16, 16,

INTRA16X16_LUMA =
16, 16, 16, 16, 16, 17, 21, 21,
16, 16, 16, 16, 16, 17, 27, 32,
16, 16, 16, 16, 16, 17, 26, 49,
16, 16, 16, 16, 16, 18, 24, 46,
16, 16, 16, 16, 17, 24, 39, 26,
17, 17, 17, 17, 20, 56, 42, 24,
22, 21, 22, 23, 34, 92, 30, 19,
21, 23, 59, 32, 33, 36, 19, 18,

INTRA16X16_LUMA_DC =
16,

INTRA16X16_CHROMAU =
16, 16, 16, 16, 16, 17, 21, 21,
16, 16, 16, 16, 16, 17, 27, 32,
16, 16, 16, 16, 16, 17, 26, 49,
16, 16, 16, 16, 16, 18, 24, 46,
16, 16, 16, 16, 17, 24, 39, 26,
17, 17, 17, 17, 20, 56, 42, 24,
22, 21, 22, 23, 34, 92, 30, 19,
21, 23, 59, 32, 33, 36, 19, 18,

INTRA16X16_CHROMAU_DC =
16,

INTRA16X16_CHROMAV =
16, 16, 16, 16, 16, 17, 21, 21,
16, 16, 16, 16, 16, 17, 27, 32,
16, 16, 16, 16, 16, 17, 26, 49,
16, 16, 16, 16, 16, 18, 24, 46,
16, 16, 16, 16, 17, 24, 39, 26,
17, 17, 17, 17, 20, 56, 42, 24,
22, 21, 22, 23, 34, 92, 30, 19,
21, 23, 59, 32, 33, 36, 19, 18,

INTRA16X16_CHROMAV_DC =
16,

INTER16X16_LUMA =
16, 16, 16, 16, 16, 17, 21, 21,
16, 16, 16, 16, 16, 17, 27, 32,
16, 16, 16, 16, 16, 17, 26, 49,
16, 16, 16, 16, 16, 18, 24, 46,
16, 16, 16, 16, 17, 24, 39, 26,
17, 17, 17, 17, 20, 56, 42, 24,
22, 21, 22, 23, 34, 92, 30, 19,
21, 23, 59, 32, 33, 36, 19, 18,

INTER16X16_LUMA_DC =
16,

INTER16X16_CHROMAU =
16, 16, 16, 16, 16, 17, 21, 21,
16, 16, 16, 16, 16, 17, 27, 32,
16, 16, 16, 16, 16, 17, 26, 49,
16, 16, 16, 16, 16, 18, 24, 46,
16, 16, 16, 16, 17, 24, 39, 26,
17, 17, 17, 17, 20, 56, 42, 24,
22, 21, 22, 23, 34, 92, 30, 19,
21, 23, 59, 32, 33, 36, 19, 18,

INTER16X16_CHROMAU_DC =
16,

INTER16X16_CHROMAV =
16, 16, 16, 16, 16, 17, 21, 21,
16, 16, 16, 16, 16, 17, 27, 32,
16, 16, 16, 16, 16, 17, 26, 49,
16, 16, 16, 16, 16, 18, 24, 46,
16, 16, 16, 16, 17, 24, 39, 26,
17, 17, 17, 17, 20, 56, 42, 24,
22, 21, 22, 23, 34, 92, 30, 19,
21, 23, 59, 32, 33, 36, 19, 18,

INTER16X16_CHROMAV_DC =
16,

INTRA32X32_LUMA =
17, 16, 16, 16, 16, 20, 27, 22,
16, 16, 16, 16, 16, 19, 35, 33,
16, 16, 16, 16, 17, 18, 34, 32,
16, 16, 16, 16, 17, 21, 36, 35,
17, 16, 17, 18, 20, 27, 48, 33,
18, 18, 18, 20, 25, 46, 56, 28,
26, 25, 27, 30, 41, 81, 36, 21,
25, 27, 53, 37, 44, 32, 21, 20,

INTRA32X32_LUMA_DC =
17,

INTRA32X32_CHROMAU =
17, 16, 16, 16, 16, 20, 27, 22,
16, 16, 16, 16, 16, 19, 35, 33,
16, 16, 16, 16, 17, 18, 34, 32,
16, 16, 16, 16, 17, 21, 36, 35,
17, 16, 17, 18, 20, 27, 48, 33,
18, 18, 18, 20, 25, 46, 56, 28,
26, 25, 27, 30, 41, 81, 36, 21,
25, 27, 53, 37, 44, 32, 21, 20,

INTRA32X32_CHROMAU_DC =
17,

INTRA32X32_CHROMAV =
17, 16, 16, 16, 16, 20, 27, 22,
16, 16, 16, 16, 16, 19, 35, 33,
16, 16, 16, 16, 17, 18, 34, 32,
16, 16, 16, 16, 17, 21, 36, 35,
17, 16, 17, 18, 20, 27, 48, 33,
18, 18, 18, 20, 25, 46, 56, 28,
26, 25, 27, 30, 41, 81, 36, 21,
25, 27, 53, 37, 44, 32, 21, 20,

INTRA32X32_CHROMAV_DC =
17,

INTER32X32_LUMA =
17, 16, 16, 16, 16, 20, 27, 22,
16, 16, 16, 16, 16, 19, 35, 33,
16, 16, 16, 16, 17, 18, 34, 32,
16, 16, 16, 16, 17, 21, 36, 35,
17, 16, 17, 18, 20, 27, 48, 33,
18, 18, 18, 20, 25, 46, 56, 28,
26, 25, 27, 30, 41, 81, 36, 21,
25, 27, 53, 37, 44, 32, 21, 20,

INTER32X32_LUMA_DC =
17,

INTER32X32_CHROMAU =
17, 16, 16, 16, 16, 20, 27, 22,
16, 16, 16, 16, 16, 19, 35, 33,
16, 16, 16, 16, 17, 18, 34, 32,
16, 16, 16, 16, 17, 21, 36, 35,
17, 16, 17, 18, 20, 27, 48, 33,
18, 18, 18, 20, 25, 46, 56, 28,
26, 25, 27, 30, 41, 81, 36, 21,
25, 27, 53, 37, 44, 32, 21, 20,

INTER32X32_CHROMAU_DC =
17,

INTER32X32_CHROMAV =
17, 16, 16, 16, 16, 20, 27, 22,
16, 16, 16, 16, 16, 19, 35, 33,
16, 16, 16, 16, 17, 18, 34, 32,
16, 16, 16, 16, 17, 21, 36, 35,
17, 16, 17, 18, 20, 27, 48, 33,
18, 18, 18, 20, 25, 46, 56, 28,
26, 25, 27, 30, 41, 81, 36, 21,
25, 27, 53, 37, 44, 32, 21, 20,

INTER32X32_CHROMAV_DC =
17,

INTRA64X64_LUMA =
17, 16, 16, 16, 16, 20, 27, 22,
16, 16, 16, 16, 16, 19, 35, 33,
16, 16, 16, 16, 17, 18, 34, 32,
16, 16, 16, 16, 17, 21, 36, 35,
17, 16, 17, 18, 20, 27, 48, 33,
18, 18, 18, 20, 25, 46, 56, 28,
26, 25, 27, 30, 41, 81, 36, 21,
25, 27, 53, 37, 44, 32, 21, 20,

INTRA64X64_LUMA_DC =
17,

INTER64X64_LUMA =
17, 16, 16, 16, 16, 20, 27, 22,
16, 16, 16, 16, 16, 19, 35, 33,
16, 16, 16, 16, 17, 18, 34, 32,
16, 16, 16, 16, 17, 21, 36, 35,
17, 16, 17, 18, 20, 27, 48, 33,
18, 18, 18, 20, 25, 46, 56, 28,
26, 25, 27, 30, 41, 81, 36, 21,
25, 27, 53, 37, 44, 32, 21, 20,

INTER64X64_LUMA_DC =
17,

