INTRA2X2_LUMA =
19, 18,
21, 20,

INTRA2X2_CHROMAU =
19, 18,
21, 20,

INTRA2X2_CHROMAV =
19, 18,
21, 20,

INTER2X2_LUMA =
19, 18,
21, 20,

INTER2X2_CHROMAU =
19, 18,
21, 20,

INTER2X2_CHROMAV =
19, 18,
21, 20,

INTRA4X4_LUMA =
18, 18, 18, 18,
19, 18, 18, 19,
20, 19, 19, 22,
23, 23, 25, 56,

INTRA4X4_CHROMAU =
18, 18, 18, 18,
19, 18, 18, 19,
20, 19, 19, 22,
23, 23, 25, 56,

INTRA4X4_CHROMAV =
18, 18, 18, 18,
19, 18, 18, 19,
20, 19, 19, 22,
23, 23, 25, 56,

INTER4X4_LUMA =
18, 18, 18, 18,
19, 18, 18, 19,
20, 19, 19, 22,
23, 23, 25, 56,

INTER4X4_CHROMAU =
18, 18, 18, 18,
19, 18, 18, 19,
20, 19, 19, 22,
23, 23, 25, 56,

INTER4X4_CHROMAV =
18, 18, 18, 18,
19, 18, 18, 19,
20, 19, 19, 22,
23, 23, 25, 56,

INTRA8X8_LUMA =
16, 16, 16, 16, 16, 16, 16, 16,
16, 16, 16, 16, 16, 16, 16, 16,
17, 16, 16, 16, 16, 16, 16, 16,
17, 16, 16, 16, 16, 16, 16, 16,
17, 16, 16, 16, 16, 16, 16, 17,
17, 17, 17, 16, 16, 17, 17, 42,
19, 18, 18, 17, 17, 21, 28, 101,
36, 28, 25, 25, 62, 86, 110, 127,

INTRA8X8_CHROMAU =
16, 16, 16, 16, 16, 16, 16, 16,
16, 16, 16, 16, 16, 16, 16, 16,
17, 16, 16, 16, 16, 16, 16, 16,
17, 16, 16, 16, 16, 16, 16, 16,
17, 16, 16, 16, 16, 16, 16, 17,
17, 17, 17, 16, 16, 17, 17, 42,
19, 18, 18, 17, 17, 21, 28, 101,
36, 28, 25, 25, 62, 86, 110, 127,

INTRA8X8_CHROMAV =
16, 16, 16, 16, 16, 16, 16, 16,
16, 16, 16, 16, 16, 16, 16, 16,
17, 16, 16, 16, 16, 16, 16, 16,
17, 16, 16, 16, 16, 16, 16, 16,
17, 16, 16, 16, 16, 16, 16, 17,
17, 17, 17, 16, 16, 17, 17, 42,
19, 18, 18, 17, 17, 21, 28, 101,
36, 28, 25, 25, 62, 86, 110, 127,

INTER8X8_LUMA =
16, 16, 16, 16, 16, 16, 16, 16,
16, 16, 16, 16, 16, 16, 16, 16,
17, 16, 16, 16, 16, 16, 16, 16,
17, 16, 16, 16, 16, 16, 16, 16,
17, 16, 16, 16, 16, 16, 16, 17,
17, 17, 17, 16, 16, 17, 17, 42,
19, 18, 18, 17, 17, 21, 28, 101,
36, 28, 25, 25, 62, 86, 110, 127,

INTER8X8_CHROMAU =
16, 16, 16, 16, 16, 16, 16, 16,
16, 16, 16, 16, 16, 16, 16, 16,
17, 16, 16, 16, 16, 16, 16, 16,
17, 16, 16, 16, 16, 16, 16, 16,
17, 16, 16, 16, 16, 16, 16, 17,
17, 17, 17, 16, 16, 17, 17, 42,
19, 18, 18, 17, 17, 21, 28, 101,
36, 28, 25, 25, 62, 86, 110, 127,

INTER8X8_CHROMAV =
16, 16, 16, 16, 16, 16, 16, 16,
16, 16, 16, 16, 16, 16, 16, 16,
17, 16, 16, 16, 16, 16, 16, 16,
17, 16, 16, 16, 16, 16, 16, 16,
17, 16, 16, 16, 16, 16, 16, 17,
17, 17, 17, 16, 16, 17, 17, 42,
19, 18, 18, 17, 17, 21, 28, 101,
36, 28, 25, 25, 62, 86, 110, 127,

INTRA16X16_LUMA =
27, 21, 20, 19, 19, 21, 23, 34,
25, 21, 20, 20, 20, 20, 22, 25,
24, 20, 19, 19, 19, 20, 22, 24,
22, 21, 20, 20, 20, 21, 24, 30,
23, 21, 21, 21, 22, 24, 28, 44,
25, 23, 22, 22, 24, 31, 43, 62,
27, 27, 27, 28, 31, 45, 63, 82,
43, 31, 31, 38, 51, 64, 80, 91,

INTRA16X16_LUMA_DC =
33,

INTRA16X16_CHROMAU =
27, 21, 20, 19, 19, 21, 23, 34,
25, 21, 20, 20, 20, 20, 22, 25,
24, 20, 19, 19, 19, 20, 22, 24,
22, 21, 20, 20, 20, 21, 24, 30,
23, 21, 21, 21, 22, 24, 28, 44,
25, 23, 22, 22, 24, 31, 43, 62,
27, 27, 27, 28, 31, 45, 63, 82,
43, 31, 31, 38, 51, 64, 80, 91,

INTRA16X16_CHROMAU_DC =
33,

INTRA16X16_CHROMAV =
27, 21, 20, 19, 19, 21, 23, 34,
25, 21, 20, 20, 20, 20, 22, 25,
24, 20, 19, 19, 19, 20, 22, 24,
22, 21, 20, 20, 20, 21, 24, 30,
23, 21, 21, 21, 22, 24, 28, 44,
25, 23, 22, 22, 24, 31, 43, 62,
27, 27, 27, 28, 31, 45, 63, 82,
43, 31, 31, 38, 51, 64, 80, 91,

INTRA16X16_CHROMAV_DC =
33,

INTER16X16_LUMA =
27, 21, 20, 19, 19, 21, 23, 34,
25, 21, 20, 20, 20, 20, 22, 25,
24, 20, 19, 19, 19, 20, 22, 24,
22, 21, 20, 20, 20, 21, 24, 30,
23, 21, 21, 21, 22, 24, 28, 44,
25, 23, 22, 22, 24, 31, 43, 62,
27, 27, 27, 28, 31, 45, 63, 82,
43, 31, 31, 38, 51, 64, 80, 91,

INTER16X16_LUMA_DC =
33,

INTER16X16_CHROMAU =
27, 21, 20, 19, 19, 21, 23, 34,
25, 21, 20, 20, 20, 20, 22, 25,
24, 20, 19, 19, 19, 20, 22, 24,
22, 21, 20, 20, 20, 21, 24, 30,
23, 21, 21, 21, 22, 24, 28, 44,
25, 23, 22, 22, 24, 31, 43, 62,
27, 27, 27, 28, 31, 45, 63, 82,
43, 31, 31, 38, 51, 64, 80, 91,

INTER16X16_CHROMAU_DC =
33,

INTER16X16_CHROMAV =
27, 21, 20, 19, 19, 21, 23, 34,
25, 21, 20, 20, 20, 20, 22, 25,
24, 20, 19, 19, 19, 20, 22, 24,
22, 21, 20, 20, 20, 21, 24, 30,
23, 21, 21, 21, 22, 24, 28, 44,
25, 23, 22, 22, 24, 31, 43, 62,
27, 27, 27, 28, 31, 45, 63, 82,
43, 31, 31, 38, 51, 64, 80, 91,

INTER16X16_CHROMAV_DC =
33,

INTRA32X32_LUMA =
45, 22, 22, 21, 23, 25, 33, 48,
30, 22, 21, 21, 22, 23, 29, 33,
28, 22, 21, 21, 21, 24, 28, 33,
25, 22, 22, 22, 25, 27, 31, 42,
25, 24, 22, 24, 26, 31, 42, 58,
27, 26, 27, 26, 31, 39, 59, 73,
33, 30, 30, 32, 41, 49, 67, 71,
49, 39, 43, 52, 67, 77, 72, 78,

INTRA32X32_LUMA_DC =
38,

INTRA32X32_CHROMAU =
45, 22, 22, 21, 23, 25, 33, 48,
30, 22, 21, 21, 22, 23, 29, 33,
28, 22, 21, 21, 21, 24, 28, 33,
25, 22, 22, 22, 25, 27, 31, 42,
25, 24, 22, 24, 26, 31, 42, 58,
27, 26, 27, 26, 31, 39, 59, 73,
33, 30, 30, 32, 41, 49, 67, 71,
49, 39, 43, 52, 67, 77, 72, 78,

INTRA32X32_CHROMAU_DC =
38,

INTRA32X32_CHROMAV =
45, 22, 22, 21, 23, 25, 33, 48,
30, 22, 21, 21, 22, 23, 29, 33,
28, 22, 21, 21, 21, 24, 28, 33,
25, 22, 22, 22, 25, 27, 31, 42,
25, 24, 22, 24, 26, 31, 42, 58,
27, 26, 27, 26, 31, 39, 59, 73,
33, 30, 30, 32, 41, 49, 67, 71,
49, 39, 43, 52, 67, 77, 72, 78,

INTRA32X32_CHROMAV_DC =
38,

INTER32X32_LUMA =
45, 22, 22, 21, 23, 25, 33, 48,
30, 22, 21, 21, 22, 23, 29, 33,
28, 22, 21, 21, 21, 24, 28, 33,
25, 22, 22, 22, 25, 27, 31, 42,
25, 24, 22, 24, 26, 31, 42, 58,
27, 26, 27, 26, 31, 39, 59, 73,
33, 30, 30, 32, 41, 49, 67, 71,
49, 39, 43, 52, 67, 77, 72, 78,

INTER32X32_LUMA_DC =
38,

INTER32X32_CHROMAU =
45, 22, 22, 21, 23, 25, 33, 48,
30, 22, 21, 21, 22, 23, 29, 33,
28, 22, 21, 21, 21, 24, 28, 33,
25, 22, 22, 22, 25, 27, 31, 42,
25, 24, 22, 24, 26, 31, 42, 58,
27, 26, 27, 26, 31, 39, 59, 73,
33, 30, 30, 32, 41, 49, 67, 71,
49, 39, 43, 52, 67, 77, 72, 78,

INTER32X32_CHROMAU_DC =
38,

INTER32X32_CHROMAV =
45, 22, 22, 21, 23, 25, 33, 48,
30, 22, 21, 21, 22, 23, 29, 33,
28, 22, 21, 21, 21, 24, 28, 33,
25, 22, 22, 22, 25, 27, 31, 42,
25, 24, 22, 24, 26, 31, 42, 58,
27, 26, 27, 26, 31, 39, 59, 73,
33, 30, 30, 32, 41, 49, 67, 71,
49, 39, 43, 52, 67, 77, 72, 78,

INTER32X32_CHROMAV_DC =
38,

INTRA64X64_LUMA =
45, 22, 22, 21, 23, 25, 33, 48,
30, 22, 21, 21, 22, 23, 29, 33,
28, 22, 21, 21, 21, 24, 28, 33,
25, 22, 22, 22, 25, 27, 31, 42,
25, 24, 22, 24, 26, 31, 42, 58,
27, 26, 27, 26, 31, 39, 59, 73,
33, 30, 30, 32, 41, 49, 67, 71,
49, 39, 43, 52, 67, 77, 72, 78,

INTRA64X64_LUMA_DC =
38,

INTER64X64_LUMA =
45, 22, 22, 21, 23, 25, 33, 48,
30, 22, 21, 21, 22, 23, 29, 33,
28, 22, 21, 21, 21, 24, 28, 33,
25, 22, 22, 22, 25, 27, 31, 42,
25, 24, 22, 24, 26, 31, 42, 58,
27, 26, 27, 26, 31, 39, 59, 73,
33, 30, 30, 32, 41, 49, 67, 71,
49, 39, 43, 52, 67, 77, 72, 78,

INTER64X64_LUMA_DC =
38,

