INTRA2X2_LUMA =
19, 19,
24, 40,

INTRA2X2_CHROMAU =
19, 19,
24, 40,

INTRA2X2_CHROMAV =
19, 19,
24, 40,

INTER2X2_LUMA =
19, 19,
24, 40,

INTER2X2_CHROMAU =
19, 19,
24, 40,

INTER2X2_CHROMAV =
19, 19,
24, 40,

INTRA4X4_LUMA =
20, 19, 19, 21,
20, 19, 20, 22,
21, 20, 21, 35,
29, 30, 44, 112,

INTRA4X4_CHROMAU =
20, 19, 19, 21,
20, 19, 20, 22,
21, 20, 21, 35,
29, 30, 44, 112,

INTRA4X4_CHROMAV =
20, 19, 19, 21,
20, 19, 20, 22,
21, 20, 21, 35,
29, 30, 44, 112,

INTER4X4_LUMA =
20, 19, 19, 21,
20, 19, 20, 22,
21, 20, 21, 35,
29, 30, 44, 112,

INTER4X4_CHROMAU =
20, 19, 19, 21,
20, 19, 20, 22,
21, 20, 21, 35,
29, 30, 44, 112,

INTER4X4_CHROMAV =
20, 19, 19, 21,
20, 19, 20, 22,
21, 20, 21, 35,
29, 30, 44, 112,

INTRA8X8_LUMA =
17, 16, 16, 16, 16, 16, 16, 28,
17, 16, 16, 16, 16, 16, 16, 21,
17, 16, 16, 16, 16, 16, 16, 18,
16, 16, 16, 16, 16, 16, 16, 26,
17, 16, 16, 16, 16, 16, 22, 54,
17, 17, 16, 16, 17, 20, 33, 100,
23, 22, 21, 22, 23, 39, 80, 128,
72, 53, 42, 55, 81, 123, 128, 128,

INTRA8X8_CHROMAU =
17, 16, 16, 16, 16, 16, 16, 28,
17, 16, 16, 16, 16, 16, 16, 21,
17, 16, 16, 16, 16, 16, 16, 18,
16, 16, 16, 16, 16, 16, 16, 26,
17, 16, 16, 16, 16, 16, 22, 54,
17, 17, 16, 16, 17, 20, 33, 100,
23, 22, 21, 22, 23, 39, 80, 128,
72, 53, 42, 55, 81, 123, 128, 128,

INTRA8X8_CHROMAV =
17, 16, 16, 16, 16, 16, 16, 28,
17, 16, 16, 16, 16, 16, 16, 21,
17, 16, 16, 16, 16, 16, 16, 18,
16, 16, 16, 16, 16, 16, 16, 26,
17, 16, 16, 16, 16, 16, 22, 54,
17, 17, 16, 16, 17, 20, 33, 100,
23, 22, 21, 22, 23, 39, 80, 128,
72, 53, 42, 55, 81, 123, 128, 128,

INTER8X8_LUMA =
17, 16, 16, 16, 16, 16, 16, 28,
17, 16, 16, 16, 16, 16, 16, 21,
17, 16, 16, 16, 16, 16, 16, 18,
16, 16, 16, 16, 16, 16, 16, 26,
17, 16, 16, 16, 16, 16, 22, 54,
17, 17, 16, 16, 17, 20, 33, 100,
23, 22, 21, 22, 23, 39, 80, 128,
72, 53, 42, 55, 81, 123, 128, 128,

INTER8X8_CHROMAU =
17, 16, 16, 16, 16, 16, 16, 28,
17, 16, 16, 16, 16, 16, 16, 21,
17, 16, 16, 16, 16, 16, 16, 18,
16, 16, 16, 16, 16, 16, 16, 26,
17, 16, 16, 16, 16, 16, 22, 54,
17, 17, 16, 16, 17, 20, 33, 100,
23, 22, 21, 22, 23, 39, 80, 128,
72, 53, 42, 55, 81, 123, 128, 128,

INTER8X8_CHROMAV =
17, 16, 16, 16, 16, 16, 16, 28,
17, 16, 16, 16, 16, 16, 16, 21,
17, 16, 16, 16, 16, 16, 16, 18,
16, 16, 16, 16, 16, 16, 16, 26,
17, 16, 16, 16, 16, 16, 22, 54,
17, 17, 16, 16, 17, 20, 33, 100,
23, 22, 21, 22, 23, 39, 80, 128,
72, 53, 42, 55, 81, 123, 128, 128,

INTRA16X16_LUMA =
28, 21, 20, 20, 20, 21, 24, 50,
27, 21, 20, 19, 20, 21, 24, 32,
24, 22, 20, 20, 20, 21, 23, 29,
23, 22, 20, 20, 21, 22, 26, 37,
22, 22, 22, 21, 23, 27, 35, 62,
24, 24, 23, 24, 27, 34, 58, 96,
32, 28, 28, 28, 38, 61, 92, 117,
66, 46, 43, 54, 80, 101, 119, 125,

INTRA16X16_LUMA_DC =
34,

INTRA16X16_CHROMAU =
28, 21, 20, 20, 20, 21, 24, 50,
27, 21, 20, 19, 20, 21, 24, 32,
24, 22, 20, 20, 20, 21, 23, 29,
23, 22, 20, 20, 21, 22, 26, 37,
22, 22, 22, 21, 23, 27, 35, 62,
24, 24, 23, 24, 27, 34, 58, 96,
32, 28, 28, 28, 38, 61, 92, 117,
66, 46, 43, 54, 80, 101, 119, 125,

INTRA16X16_CHROMAU_DC =
34,

INTRA16X16_CHROMAV =
28, 21, 20, 20, 20, 21, 24, 50,
27, 21, 20, 19, 20, 21, 24, 32,
24, 22, 20, 20, 20, 21, 23, 29,
23, 22, 20, 20, 21, 22, 26, 37,
22, 22, 22, 21, 23, 27, 35, 62,
24, 24, 23, 24, 27, 34, 58, 96,
32, 28, 28, 28, 38, 61, 92, 117,
66, 46, 43, 54, 80, 101, 119, 125,

INTRA16X16_CHROMAV_DC =
34,

INTER16X16_LUMA =
28, 21, 20, 20, 20, 21, 24, 50,
27, 21, 20, 19, 20, 21, 24, 32,
24, 22, 20, 20, 20, 21, 23, 29,
23, 22, 20, 20, 21, 22, 26, 37,
22, 22, 22, 21, 23, 27, 35, 62,
24, 24, 23, 24, 27, 34, 58, 96,
32, 28, 28, 28, 38, 61, 92, 117,
66, 46, 43, 54, 80, 101, 119, 125,

INTER16X16_LUMA_DC =
34,

INTER16X16_CHROMAU =
28, 21, 20, 20, 20, 21, 24, 50,
27, 21, 20, 19, 20, 21, 24, 32,
24, 22, 20, 20, 20, 21, 23, 29,
23, 22, 20, 20, 21, 22, 26, 37,
22, 22, 22, 21, 23, 27, 35, 62,
24, 24, 23, 24, 27, 34, 58, 96,
32, 28, 28, 28, 38, 61, 92, 117,
66, 46, 43, 54, 80, 101, 119, 125,

INTER16X16_CHROMAU_DC =
34,

INTER16X16_CHROMAV =
28, 21, 20, 20, 20, 21, 24, 50,
27, 21, 20, 19, 20, 21, 24, 32,
24, 22, 20, 20, 20, 21, 23, 29,
23, 22, 20, 20, 21, 22, 26, 37,
22, 22, 22, 21, 23, 27, 35, 62,
24, 24, 23, 24, 27, 34, 58, 96,
32, 28, 28, 28, 38, 61, 92, 117,
66, 46, 43, 54, 80, 101, 119, 125,

INTER16X16_CHROMAV_DC =
34,

INTRA32X32_LUMA =
43, 24, 23, 22, 23, 27, 31, 68,
31, 22, 22, 21, 22, 24, 30, 42,
28, 23, 21, 21, 22, 25, 28, 35,
26, 23, 23, 22, 25, 27, 33, 53,
28, 25, 24, 25, 26, 33, 41, 80,
29, 27, 25, 28, 33, 41, 58, 90,
39, 36, 35, 38, 39, 57, 84, 108,
68, 52, 45, 58, 71, 89, 106, 121,

INTRA32X32_LUMA_DC =
38,

INTRA32X32_CHROMAU =
43, 24, 23, 22, 23, 27, 31, 68,
31, 22, 22, 21, 22, 24, 30, 42,
28, 23, 21, 21, 22, 25, 28, 35,
26, 23, 23, 22, 25, 27, 33, 53,
28, 25, 24, 25, 26, 33, 41, 80,
29, 27, 25, 28, 33, 41, 58, 90,
39, 36, 35, 38, 39, 57, 84, 108,
68, 52, 45, 58, 71, 89, 106, 121,

INTRA32X32_CHROMAU_DC =
38,

INTRA32X32_CHROMAV =
43, 24, 23, 22, 23, 27, 31, 68,
31, 22, 22, 21, 22, 24, 30, 42,
28, 23, 21, 21, 22, 25, 28, 35,
26, 23, 23, 22, 25, 27, 33, 53,
28, 25, 24, 25, 26, 33, 41, 80,
29, 27, 25, 28, 33, 41, 58, 90,
39, 36, 35, 38, 39, 57, 84, 108,
68, 52, 45, 58, 71, 89, 106, 121,

INTRA32X32_CHROMAV_DC =
38,

INTER32X32_LUMA =
43, 24, 23, 22, 23, 27, 31, 68,
31, 22, 22, 21, 22, 24, 30, 42,
28, 23, 21, 21, 22, 25, 28, 35,
26, 23, 23, 22, 25, 27, 33, 53,
28, 25, 24, 25, 26, 33, 41, 80,
29, 27, 25, 28, 33, 41, 58, 90,
39, 36, 35, 38, 39, 57, 84, 108,
68, 52, 45, 58, 71, 89, 106, 121,

INTER32X32_LUMA_DC =
38,

INTER32X32_CHROMAU =
43, 24, 23, 22, 23, 27, 31, 68,
31, 22, 22, 21, 22, 24, 30, 42,
28, 23, 21, 21, 22, 25, 28, 35,
26, 23, 23, 22, 25, 27, 33, 53,
28, 25, 24, 25, 26, 33, 41, 80,
29, 27, 25, 28, 33, 41, 58, 90,
39, 36, 35, 38, 39, 57, 84, 108,
68, 52, 45, 58, 71, 89, 106, 121,

INTER32X32_CHROMAU_DC =
38,

INTER32X32_CHROMAV =
43, 24, 23, 22, 23, 27, 31, 68,
31, 22, 22, 21, 22, 24, 30, 42,
28, 23, 21, 21, 22, 25, 28, 35,
26, 23, 23, 22, 25, 27, 33, 53,
28, 25, 24, 25, 26, 33, 41, 80,
29, 27, 25, 28, 33, 41, 58, 90,
39, 36, 35, 38, 39, 57, 84, 108,
68, 52, 45, 58, 71, 89, 106, 121,

INTER32X32_CHROMAV_DC =
38,

INTRA64X64_LUMA =
43, 24, 23, 22, 23, 27, 31, 68,
31, 22, 22, 21, 22, 24, 30, 42,
28, 23, 21, 21, 22, 25, 28, 35,
26, 23, 23, 22, 25, 27, 33, 53,
28, 25, 24, 25, 26, 33, 41, 80,
29, 27, 25, 28, 33, 41, 58, 90,
39, 36, 35, 38, 39, 57, 84, 108,
68, 52, 45, 58, 71, 89, 106, 121,

INTRA64X64_LUMA_DC =
38,

INTER64X64_LUMA =
43, 24, 23, 22, 23, 27, 31, 68,
31, 22, 22, 21, 22, 24, 30, 42,
28, 23, 21, 21, 22, 25, 28, 35,
26, 23, 23, 22, 25, 27, 33, 53,
28, 25, 24, 25, 26, 33, 41, 80,
29, 27, 25, 28, 33, 41, 58, 90,
39, 36, 35, 38, 39, 57, 84, 108,
68, 52, 45, 58, 71, 89, 106, 121,

INTER64X64_LUMA_DC =
38,

