INTRA2X2_LUMA =
18, 43,
30, 124,

INTRA2X2_CHROMAU =
18, 43,
30, 124,

INTRA2X2_CHROMAV =
18, 43,
30, 124,

INTER2X2_LUMA =
18, 43,
30, 124,

INTER2X2_CHROMAU =
18, 43,
30, 124,

INTER2X2_CHROMAV =
18, 43,
30, 124,

INTRA4X4_LUMA =
19, 18, 19, 75,
18, 18, 20, 91,
21, 20, 32, 126,
59, 79, 125, 127,

INTRA4X4_CHROMAU =
19, 18, 19, 75,
18, 18, 20, 91,
21, 20, 32, 126,
59, 79, 125, 127,

INTRA4X4_CHROMAV =
19, 18, 19, 75,
18, 18, 20, 91,
21, 20, 32, 126,
59, 79, 125, 127,

INTER4X4_LUMA =
19, 18, 19, 75,
18, 18, 20, 91,
21, 20, 32, 126,
59, 79, 125, 127,

INTER4X4_CHROMAU =
19, 18, 19, 75,
18, 18, 20, 91,
21, 20, 32, 126,
59, 79, 125, 127,

INTER4X4_CHROMAV =
19, 18, 19, 75,
18, 18, 20, 91,
21, 20, 32, 126,
59, 79, 125, 127,

INTRA8X8_LUMA =
23, 18, 18, 18, 19, 25, 54, 127,
21, 18, 18, 18, 18, 23, 52, 126,
19, 18, 18, 18, 19, 24, 52, 125,
19, 18, 18, 18, 20, 26, 62, 126,
21, 19, 19, 20, 24, 43, 111, 127,
23, 23, 23, 25, 38, 73, 126, 127,
40, 39, 39, 50, 78, 126, 127, 127,
125, 121, 119, 125, 127, 127, 127, 128,

INTRA8X8_CHROMAU =
23, 18, 18, 18, 19, 25, 54, 127,
21, 18, 18, 18, 18, 23, 52, 126,
19, 18, 18, 18, 19, 24, 52, 125,
19, 18, 18, 18, 20, 26, 62, 126,
21, 19, 19, 20, 24, 43, 111, 127,
23, 23, 23, 25, 38, 73, 126, 127,
40, 39, 39, 50, 78, 126, 127, 127,
125, 121, 119, 125, 127, 127, 127, 128,

INTRA8X8_CHROMAV =
23, 18, 18, 18, 19, 25, 54, 127,
21, 18, 18, 18, 18, 23, 52, 126,
19, 18, 18, 18, 19, 24, 52, 125,
19, 18, 18, 18, 20, 26, 62, 126,
21, 19, 19, 20, 24, 43, 111, 127,
23, 23, 23, 25, 38, 73, 126, 127,
40, 39, 39, 50, 78, 126, 127, 127,
125, 121, 119, 125, 127, 127, 127, 128,

INTER8X8_LUMA =
23, 18, 18, 18, 19, 25, 54, 127,
21, 18, 18, 18, 18, 23, 52, 126,
19, 18, 18, 18, 19, 24, 52, 125,
19, 18, 18, 18, 20, 26, 62, 126,
21, 19, 19, 20, 24, 43, 111, 127,
23, 23, 23, 25, 38, 73, 126, 127,
40, 39, 39, 50, 78, 126, 127, 127,
125, 121, 119, 125, 127, 127, 127, 128,

INTER8X8_CHROMAU =
23, 18, 18, 18, 19, 25, 54, 127,
21, 18, 18, 18, 18, 23, 52, 126,
19, 18, 18, 18, 19, 24, 52, 125,
19, 18, 18, 18, 20, 26, 62, 126,
21, 19, 19, 20, 24, 43, 111, 127,
23, 23, 23, 25, 38, 73, 126, 127,
40, 39, 39, 50, 78, 126, 127, 127,
125, 121, 119, 125, 127, 127, 127, 128,

INTER8X8_CHROMAV =
23, 18, 18, 18, 19, 25, 54, 127,
21, 18, 18, 18, 18, 23, 52, 126,
19, 18, 18, 18, 19, 24, 52, 125,
19, 18, 18, 18, 20, 26, 62, 126,
21, 19, 19, 20, 24, 43, 111, 127,
23, 23, 23, 25, 38, 73, 126, 127,
40, 39, 39, 50, 78, 126, 127, 127,
125, 121, 119, 125, 127, 127, 127, 128,

INTRA16X16_LUMA =
29, 19, 18, 18, 20, 31, 70, 126,
23, 19, 18, 18, 19, 28, 64, 124,
20, 18, 18, 18, 19, 26, 63, 121,
20, 18, 18, 18, 21, 30, 79, 125,
21, 20, 19, 21, 27, 50, 111, 126,
25, 25, 25, 28, 44, 92, 124, 127,
54, 52, 50, 64, 99, 124, 127, 127,
121, 116, 116, 124, 126, 127, 127, 127,

INTRA16X16_LUMA_DC =
25,

INTRA16X16_CHROMAU =
29, 19, 18, 18, 20, 31, 70, 126,
23, 19, 18, 18, 19, 28, 64, 124,
20, 18, 18, 18, 19, 26, 63, 121,
20, 18, 18, 18, 21, 30, 79, 125,
21, 20, 19, 21, 27, 50, 111, 126,
25, 25, 25, 28, 44, 92, 124, 127,
54, 52, 50, 64, 99, 124, 127, 127,
121, 116, 116, 124, 126, 127, 127, 127,

INTRA16X16_CHROMAU_DC =
25,

INTRA16X16_CHROMAV =
29, 19, 18, 18, 20, 31, 70, 126,
23, 19, 18, 18, 19, 28, 64, 124,
20, 18, 18, 18, 19, 26, 63, 121,
20, 18, 18, 18, 21, 30, 79, 125,
21, 20, 19, 21, 27, 50, 111, 126,
25, 25, 25, 28, 44, 92, 124, 127,
54, 52, 50, 64, 99, 124, 127, 127,
121, 116, 116, 124, 126, 127, 127, 127,

INTRA16X16_CHROMAV_DC =
25,

INTER16X16_LUMA =
29, 19, 18, 18, 20, 31, 70, 126,
23, 19, 18, 18, 19, 28, 64, 124,
20, 18, 18, 18, 19, 26, 63, 121,
20, 18, 18, 18, 21, 30, 79, 125,
21, 20, 19, 21, 27, 50, 111, 126,
25, 25, 25, 28, 44, 92, 124, 127,
54, 52, 50, 64, 99, 124, 127, 127,
121, 116, 116, 124, 126, 127, 127, 127,

INTER16X16_LUMA_DC =
25,

INTER16X16_CHROMAU =
29, 19, 18, 18, 20, 31, 70, 126,
23, 19, 18, 18, 19, 28, 64, 124,
20, 18, 18, 18, 19, 26, 63, 121,
20, 18, 18, 18, 21, 30, 79, 125,
21, 20, 19, 21, 27, 50, 111, 126,
25, 25, 25, 28, 44, 92, 124, 127,
54, 52, 50, 64, 99, 124, 127, 127,
121, 116, 116, 124, 126, 127, 127, 127,

INTER16X16_CHROMAU_DC =
25,

INTER16X16_CHROMAV =
29, 19, 18, 18, 20, 31, 70, 126,
23, 19, 18, 18, 19, 28, 64, 124,
20, 18, 18, 18, 19, 26, 63, 121,
20, 18, 18, 18, 21, 30, 79, 125,
21, 20, 19, 21, 27, 50, 111, 126,
25, 25, 25, 28, 44, 92, 124, 127,
54, 52, 50, 64, 99, 124, 127, 127,
121, 116, 116, 124, 126, 127, 127, 127,

INTER16X16_CHROMAV_DC =
25,

INTRA32X32_LUMA =
35, 19, 18, 18, 21, 39, 81, 123,
27, 19, 18, 18, 20, 30, 70, 121,
21, 19, 18, 18, 21, 30, 66, 116,
21, 19, 19, 20, 23, 35, 88, 123,
23, 21, 21, 24, 31, 55, 108, 125,
28, 28, 27, 32, 52, 99, 124, 126,
64, 59, 57, 72, 103, 124, 126, 126,
120, 112, 116, 123, 126, 126, 126, 127,

INTRA32X32_LUMA_DC =
30,

INTRA32X32_CHROMAU =
35, 19, 18, 18, 21, 39, 81, 123,
27, 19, 18, 18, 20, 30, 70, 121,
21, 19, 18, 18, 21, 30, 66, 116,
21, 19, 19, 20, 23, 35, 88, 123,
23, 21, 21, 24, 31, 55, 108, 125,
28, 28, 27, 32, 52, 99, 124, 126,
64, 59, 57, 72, 103, 124, 126, 126,
120, 112, 116, 123, 126, 126, 126, 127,

INTRA32X32_CHROMAU_DC =
30,

INTRA32X32_CHROMAV =
35, 19, 18, 18, 21, 39, 81, 123,
27, 19, 18, 18, 20, 30, 70, 121,
21, 19, 18, 18, 21, 30, 66, 116,
21, 19, 19, 20, 23, 35, 88, 123,
23, 21, 21, 24, 31, 55, 108, 125,
28, 28, 27, 32, 52, 99, 124, 126,
64, 59, 57, 72, 103, 124, 126, 126,
120, 112, 116, 123, 126, 126, 126, 127,

INTRA32X32_CHROMAV_DC =
30,

INTER32X32_LUMA =
35, 19, 18, 18, 21, 39, 81, 123,
27, 19, 18, 18, 20, 30, 70, 121,
21, 19, 18, 18, 21, 30, 66, 116,
21, 19, 19, 20, 23, 35, 88, 123,
23, 21, 21, 24, 31, 55, 108, 125,
28, 28, 27, 32, 52, 99, 124, 126,
64, 59, 57, 72, 103, 124, 126, 126,
120, 112, 116, 123, 126, 126, 126, 127,

INTER32X32_LUMA_DC =
30,

INTER32X32_CHROMAU =
35, 19, 18, 18, 21, 39, 81, 123,
27, 19, 18, 18, 20, 30, 70, 121,
21, 19, 18, 18, 21, 30, 66, 116,
21, 19, 19, 20, 23, 35, 88, 123,
23, 21, 21, 24, 31, 55, 108, 125,
28, 28, 27, 32, 52, 99, 124, 126,
64, 59, 57, 72, 103, 124, 126, 126,
120, 112, 116, 123, 126, 126, 126, 127,

INTER32X32_CHROMAU_DC =
30,

INTER32X32_CHROMAV =
35, 19, 18, 18, 21, 39, 81, 123,
27, 19, 18, 18, 20, 30, 70, 121,
21, 19, 18, 18, 21, 30, 66, 116,
21, 19, 19, 20, 23, 35, 88, 123,
23, 21, 21, 24, 31, 55, 108, 125,
28, 28, 27, 32, 52, 99, 124, 126,
64, 59, 57, 72, 103, 124, 126, 126,
120, 112, 116, 123, 126, 126, 126, 127,

INTER32X32_CHROMAV_DC =
30,

INTRA64X64_LUMA =
35, 19, 18, 18, 21, 39, 81, 123,
27, 19, 18, 18, 20, 30, 70, 121,
21, 19, 18, 18, 21, 30, 66, 116,
21, 19, 19, 20, 23, 35, 88, 123,
23, 21, 21, 24, 31, 55, 108, 125,
28, 28, 27, 32, 52, 99, 124, 126,
64, 59, 57, 72, 103, 124, 126, 126,
120, 112, 116, 123, 126, 126, 126, 127,

INTRA64X64_LUMA_DC =
30,

INTER64X64_LUMA =
35, 19, 18, 18, 21, 39, 81, 123,
27, 19, 18, 18, 20, 30, 70, 121,
21, 19, 18, 18, 21, 30, 66, 116,
21, 19, 19, 20, 23, 35, 88, 123,
23, 21, 21, 24, 31, 55, 108, 125,
28, 28, 27, 32, 52, 99, 124, 126,
64, 59, 57, 72, 103, 124, 126, 126,
120, 112, 116, 123, 126, 126, 126, 127,

INTER64X64_LUMA_DC =
30,

