INTRA2X2_LUMA =
16, 22,
22, 76,

INTRA2X2_CHROMAU =
16, 22,
22, 76,

INTRA2X2_CHROMAV =
16, 22,
22, 76,

INTER2X2_LUMA =
16, 22,
22, 76,

INTER2X2_CHROMAU =
16, 22,
22, 76,

INTER2X2_CHROMAV =
16, 22,
22, 76,

INTRA4X4_LUMA =
16, 16, 16, 35,
16, 16, 17, 58,
17, 17, 26, 82,
35, 53, 78, 76,

INTRA4X4_CHROMAU =
16, 16, 16, 35,
16, 16, 17, 58,
17, 17, 26, 82,
35, 53, 78, 76,

INTRA4X4_CHROMAV =
16, 16, 16, 35,
16, 16, 17, 58,
17, 17, 26, 82,
35, 53, 78, 76,

INTER4X4_LUMA =
16, 16, 16, 35,
16, 16, 17, 58,
17, 17, 26, 82,
35, 53, 78, 76,

INTER4X4_CHROMAU =
16, 16, 16, 35,
16, 16, 17, 58,
17, 17, 26, 82,
35, 53, 78, 76,

INTER4X4_CHROMAV =
16, 16, 16, 35,
16, 16, 17, 58,
17, 17, 26, 82,
35, 53, 78, 76,

INTRA8X8_LUMA =
16, 16, 16, 16, 16, 17, 34, 51,
16, 16, 16, 16, 16, 17, 37, 78,
16, 16, 16, 16, 16, 18, 35, 87,
16, 16, 16, 16, 17, 20, 42, 69,
17, 17, 16, 17, 22, 43, 87, 58,
19, 19, 18, 19, 25, 69, 82, 58,
30, 30, 29, 32, 61, 126, 83, 49,
82, 72, 70, 57, 69, 91, 55, 43,

INTRA8X8_CHROMAU =
16, 16, 16, 16, 16, 17, 34, 51,
16, 16, 16, 16, 16, 17, 37, 78,
16, 16, 16, 16, 16, 18, 35, 87,
16, 16, 16, 16, 17, 20, 42, 69,
17, 17, 16, 17, 22, 43, 87, 58,
19, 19, 18, 19, 25, 69, 82, 58,
30, 30, 29, 32, 61, 126, 83, 49,
82, 72, 70, 57, 69, 91, 55, 43,

INTRA8X8_CHROMAV =
16, 16, 16, 16, 16, 17, 34, 51,
16, 16, 16, 16, 16, 17, 37, 78,
16, 16, 16, 16, 16, 18, 35, 87,
16, 16, 16, 16, 17, 20, 42, 69,
17, 17, 16, 17, 22, 43, 87, 58,
19, 19, 18, 19, 25, 69, 82, 58,
30, 30, 29, 32, 61, 126, 83, 49,
82, 72, 70, 57, 69, 91, 55, 43,

INTER8X8_LUMA =
16, 16, 16, 16, 16, 17, 34, 51,
16, 16, 16, 16, 16, 17, 37, 78,
16, 16, 16, 16, 16, 18, 35, 87,
16, 16, 16, 16, 17, 20, 42, 69,
17, 17, 16, 17, 22, 43, 87, 58,
19, 19, 18, 19, 25, 69, 82, 58,
30, 30, 29, 32, 61, 126, 83, 49,
82, 72, 70, 57, 69, 91, 55, 43,

INTER8X8_CHROMAU =
16, 16, 16, 16, 16, 17, 34, 51,
16, 16, 16, 16, 16, 17, 37, 78,
16, 16, 16, 16, 16, 18, 35, 87,
16, 16, 16, 16, 17, 20, 42, 69,
17, 17, 16, 17, 22, 43, 87, 58,
19, 19, 18, 19, 25, 69, 82, 58,
30, 30, 29, 32, 61, 126, 83, 49,
82, 72, 70, 57, 69, 91, 55, 43,

INTER8X8_CHROMAV =
16, 16, 16, 16, 16, 17, 34, 51,
16, 16, 16, 16, 16, 17, 37, 78,
16, 16, 16, 16, 16, 18, 35, 87,
16, 16, 16, 16, 17, 20, 42, 69,
17, 17, 16, 17, 22, 43, 87, 58,
19, 19, 18, 19, 25, 69, 82, 58,
30, 30, 29, 32, 61, 126, 83, 49,
82, 72, 70, 57, 69, 91, 55, 43,

INTRA16X16_LUMA =
16, 16, 16, 16, 17, 23, 40, 48,
16, 16, 16, 16, 17, 23, 49, 70,
16, 16, 16, 16, 17, 21, 50, 76,
16, 16, 16, 16, 18, 27, 55, 70,
17, 17, 17, 18, 26, 49, 80, 62,
20, 21, 21, 25, 40, 82, 82, 58,
39, 38, 38, 47, 70, 105, 70, 48,
67, 63, 76, 69, 76, 78, 55, 43,

INTRA16X16_LUMA_DC =
16,

INTRA16X16_CHROMAU =
16, 16, 16, 16, 17, 23, 40, 48,
16, 16, 16, 16, 17, 23, 49, 70,
16, 16, 16, 16, 17, 21, 50, 76,
16, 16, 16, 16, 18, 27, 55, 70,
17, 17, 17, 18, 26, 49, 80, 62,
20, 21, 21, 25, 40, 82, 82, 58,
39, 38, 38, 47, 70, 105, 70, 48,
67, 63, 76, 69, 76, 78, 55, 43,

INTRA16X16_CHROMAU_DC =
16,

INTRA16X16_CHROMAV =
16, 16, 16, 16, 17, 23, 40, 48,
16, 16, 16, 16, 17, 23, 49, 70,
16, 16, 16, 16, 17, 21, 50, 76,
16, 16, 16, 16, 18, 27, 55, 70,
17, 17, 17, 18, 26, 49, 80, 62,
20, 21, 21, 25, 40, 82, 82, 58,
39, 38, 38, 47, 70, 105, 70, 48,
67, 63, 76, 69, 76, 78, 55, 43,

INTRA16X16_CHROMAV_DC =
16,

INTER16X16_LUMA =
16, 16, 16, 16, 17, 23, 40, 48,
16, 16, 16, 16, 17, 23, 49, 70,
16, 16, 16, 16, 17, 21, 50, 76,
16, 16, 16, 16, 18, 27, 55, 70,
17, 17, 17, 18, 26, 49, 80, 62,
20, 21, 21, 25, 40, 82, 82, 58,
39, 38, 38, 47, 70, 105, 70, 48,
67, 63, 76, 69, 76, 78, 55, 43,

INTER16X16_LUMA_DC =
16,

INTER16X16_CHROMAU =
16, 16, 16, 16, 17, 23, 40, 48,
16, 16, 16, 16, 17, 23, 49, 70,
16, 16, 16, 16, 17, 21, 50, 76,
16, 16, 16, 16, 18, 27, 55, 70,
17, 17, 17, 18, 26, 49, 80, 62,
20, 21, 21, 25, 40, 82, 82, 58,
39, 38, 38, 47, 70, 105, 70, 48,
67, 63, 76, 69, 76, 78, 55, 43,

INTER16X16_CHROMAU_DC =
16,

INTER16X16_CHROMAV =
16, 16, 16, 16, 17, 23, 40, 48,
16, 16, 16, 16, 17, 23, 49, 70,
16, 16, 16, 16, 17, 21, 50, 76,
16, 16, 16, 16, 18, 27, 55, 70,
17, 17, 17, 18, 26, 49, 80, 62,
20, 21, 21, 25, 40, 82, 82, 58,
39, 38, 38, 47, 70, 105, 70, 48,
67, 63, 76, 69, 76, 78, 55, 43,

INTER16X16_CHROMAV_DC =
16,

INTRA32X32_LUMA =
17, 16, 16, 16, 17, 33, 50, 45,
17, 16, 16, 16, 17, 26, 61, 64,
17, 16, 16, 17, 19, 27, 63, 73,
17, 17, 17, 18, 23, 37, 67, 69,
18, 18, 18, 22, 31, 61, 75, 71,
22, 24, 25, 32, 53, 80, 90, 59,
55, 47, 49, 62, 81, 104, 63, 43,
67, 57, 80, 77, 76, 70, 49, 41,

INTRA32X32_LUMA_DC =
18,

INTRA32X32_CHROMAU =
17, 16, 16, 16, 17, 33, 50, 45,
17, 16, 16, 16, 17, 26, 61, 64,
17, 16, 16, 17, 19, 27, 63, 73,
17, 17, 17, 18, 23, 37, 67, 69,
18, 18, 18, 22, 31, 61, 75, 71,
22, 24, 25, 32, 53, 80, 90, 59,
55, 47, 49, 62, 81, 104, 63, 43,
67, 57, 80, 77, 76, 70, 49, 41,

INTRA32X32_CHROMAU_DC =
18,

INTRA32X32_CHROMAV =
17, 16, 16, 16, 17, 33, 50, 45,
17, 16, 16, 16, 17, 26, 61, 64,
17, 16, 16, 17, 19, 27, 63, 73,
17, 17, 17, 18, 23, 37, 67, 69,
18, 18, 18, 22, 31, 61, 75, 71,
22, 24, 25, 32, 53, 80, 90, 59,
55, 47, 49, 62, 81, 104, 63, 43,
67, 57, 80, 77, 76, 70, 49, 41,

INTRA32X32_CHROMAV_DC =
18,

INTER32X32_LUMA =
17, 16, 16, 16, 17, 33, 50, 45,
17, 16, 16, 16, 17, 26, 61, 64,
17, 16, 16, 17, 19, 27, 63, 73,
17, 17, 17, 18, 23, 37, 67, 69,
18, 18, 18, 22, 31, 61, 75, 71,
22, 24, 25, 32, 53, 80, 90, 59,
55, 47, 49, 62, 81, 104, 63, 43,
67, 57, 80, 77, 76, 70, 49, 41,

INTER32X32_LUMA_DC =
18,

INTER32X32_CHROMAU =
17, 16, 16, 16, 17, 33, 50, 45,
17, 16, 16, 16, 17, 26, 61, 64,
17, 16, 16, 17, 19, 27, 63, 73,
17, 17, 17, 18, 23, 37, 67, 69,
18, 18, 18, 22, 31, 61, 75, 71,
22, 24, 25, 32, 53, 80, 90, 59,
55, 47, 49, 62, 81, 104, 63, 43,
67, 57, 80, 77, 76, 70, 49, 41,

INTER32X32_CHROMAU_DC =
18,

INTER32X32_CHROMAV =
17, 16, 16, 16, 17, 33, 50, 45,
17, 16, 16, 16, 17, 26, 61, 64,
17, 16, 16, 17, 19, 27, 63, 73,
17, 17, 17, 18, 23, 37, 67, 69,
18, 18, 18, 22, 31, 61, 75, 71,
22, 24, 25, 32, 53, 80, 90, 59,
55, 47, 49, 62, 81, 104, 63, 43,
67, 57, 80, 77, 76, 70, 49, 41,

INTER32X32_CHROMAV_DC =
18,

INTRA64X64_LUMA =
17, 16, 16, 16, 17, 33, 50, 45,
17, 16, 16, 16, 17, 26, 61, 64,
17, 16, 16, 17, 19, 27, 63, 73,
17, 17, 17, 18, 23, 37, 67, 69,
18, 18, 18, 22, 31, 61, 75, 71,
22, 24, 25, 32, 53, 80, 90, 59,
55, 47, 49, 62, 81, 104, 63, 43,
67, 57, 80, 77, 76, 70, 49, 41,

INTRA64X64_LUMA_DC =
18,

INTER64X64_LUMA =
17, 16, 16, 16, 17, 33, 50, 45,
17, 16, 16, 16, 17, 26, 61, 64,
17, 16, 16, 17, 19, 27, 63, 73,
17, 17, 17, 18, 23, 37, 67, 69,
18, 18, 18, 22, 31, 61, 75, 71,
22, 24, 25, 32, 53, 80, 90, 59,
55, 47, 49, 62, 81, 104, 63, 43,
67, 57, 80, 77, 76, 70, 49, 41,

INTER64X64_LUMA_DC =
18,

