INTRA2X2_LUMA =
16, 16,
16, 41,

INTRA2X2_CHROMAU =
16, 16,
16, 41,

INTRA2X2_CHROMAV =
16, 16,
16, 41,

INTER2X2_LUMA =
16, 16,
16, 41,

INTER2X2_CHROMAU =
16, 16,
16, 41,

INTER2X2_CHROMAV =
16, 16,
16, 41,

INTRA4X4_LUMA =
16, 16, 16, 17,
16, 16, 16, 20,
16, 16, 17, 50,
17, 26, 27, 60,

INTRA4X4_CHROMAU =
16, 16, 16, 17,
16, 16, 16, 20,
16, 16, 17, 50,
17, 26, 27, 60,

INTRA4X4_CHROMAV =
16, 16, 16, 17,
16, 16, 16, 20,
16, 16, 17, 50,
17, 26, 27, 60,

INTER4X4_LUMA =
16, 16, 16, 17,
16, 16, 16, 20,
16, 16, 17, 50,
17, 26, 27, 60,

INTER4X4_CHROMAU =
16, 16, 16, 17,
16, 16, 16, 20,
16, 16, 17, 50,
17, 26, 27, 60,

INTER4X4_CHROMAV =
16, 16, 16, 17,
16, 16, 16, 20,
16, 16, 17, 50,
17, 26, 27, 60,

INTRA8X8_LUMA =
16, 16, 16, 16, 16, 16, 18, 24,
16, 16, 16, 16, 16, 16, 18, 47,
16, 16, 16, 16, 16, 16, 18, 61,
16, 16, 16, 16, 16, 17, 19, 49,
16, 16, 16, 16, 17, 18, 25, 24,
16, 16, 16, 16, 17, 28, 21, 29,
17, 17, 17, 18, 23, 127, 65, 21,
41, 35, 48, 27, 21, 62, 19, 18,

INTRA8X8_CHROMAU =
16, 16, 16, 16, 16, 16, 18, 24,
16, 16, 16, 16, 16, 16, 18, 47,
16, 16, 16, 16, 16, 16, 18, 61,
16, 16, 16, 16, 16, 17, 19, 49,
16, 16, 16, 16, 17, 18, 25, 24,
16, 16, 16, 16, 17, 28, 21, 29,
17, 17, 17, 18, 23, 127, 65, 21,
41, 35, 48, 27, 21, 62, 19, 18,

INTRA8X8_CHROMAV =
16, 16, 16, 16, 16, 16, 18, 24,
16, 16, 16, 16, 16, 16, 18, 47,
16, 16, 16, 16, 16, 16, 18, 61,
16, 16, 16, 16, 16, 17, 19, 49,
16, 16, 16, 16, 17, 18, 25, 24,
16, 16, 16, 16, 17, 28, 21, 29,
17, 17, 17, 18, 23, 127, 65, 21,
41, 35, 48, 27, 21, 62, 19, 18,

INTER8X8_LUMA =
16, 16, 16, 16, 16, 16, 18, 24,
16, 16, 16, 16, 16, 16, 18, 47,
16, 16, 16, 16, 16, 16, 18, 61,
16, 16, 16, 16, 16, 17, 19, 49,
16, 16, 16, 16, 17, 18, 25, 24,
16, 16, 16, 16, 17, 28, 21, 29,
17, 17, 17, 18, 23, 127, 65, 21,
41, 35, 48, 27, 21, 62, 19, 18,

INTER8X8_CHROMAU =
16, 16, 16, 16, 16, 16, 18, 24,
16, 16, 16, 16, 16, 16, 18, 47,
16, 16, 16, 16, 16, 16, 18, 61,
16, 16, 16, 16, 16, 17, 19, 49,
16, 16, 16, 16, 17, 18, 25, 24,
16, 16, 16, 16, 17, 28, 21, 29,
17, 17, 17, 18, 23, 127, 65, 21,
41, 35, 48, 27, 21, 62, 19, 18,

INTER8X8_CHROMAV =
16, 16, 16, 16, 16, 16, 18, 24,
16, 16, 16, 16, 16, 16, 18, 47,
16, 16, 16, 16, 16, 16, 18, 61,
16, 16, 16, 16, 16, 17, 19, 49,
16, 16, 16, 16, 17, 18, 25, 24,
16, 16, 16, 16, 17, 28, 21, 29,
17, 17, 17, 18, 23, 127, 65, 21,
41, 35, 48, 27, 21, 62, 19, 18,

INTRA16X16_LUMA =
16, 16, 16, 16, 16, 18, 23, 28,
16, 16, 16, 16, 16, 18, 31, 35,
16, 16, 16, 16, 16, 17, 28, 52,
16, 16, 16, 16, 17, 18, 28, 44,
16, 16, 16, 16, 18, 22, 46, 33,
17, 17, 17, 18, 20, 42, 61, 32,
24, 23, 23, 25, 41, 87, 43, 22,
30, 26, 58, 42, 48, 43, 22, 20,

INTRA16X16_LUMA_DC =
16,

INTRA16X16_CHROMAU =
16, 16, 16, 16, 16, 18, 23, 28,
16, 16, 16, 16, 16, 18, 31, 35,
16, 16, 16, 16, 16, 17, 28, 52,
16, 16, 16, 16, 17, 18, 28, 44,
16, 16, 16, 16, 18, 22, 46, 33,
17, 17, 17, 18, 20, 42, 61, 32,
24, 23, 23, 25, 41, 87, 43, 22,
30, 26, 58, 42, 48, 43, 22, 20,

INTRA16X16_CHROMAU_DC =
16,

INTRA16X16_CHROMAV =
16, 16, 16, 16, 16, 18, 23, 28,
16, 16, 16, 16, 16, 18, 31, 35,
16, 16, 16, 16, 16, 17, 28, 52,
16, 16, 16, 16, 17, 18, 28, 44,
16, 16, 16, 16, 18, 22, 46, 33,
17, 17, 17, 18, 20, 42, 61, 32,
24, 23, 23, 25, 41, 87, 43, 22,
30, 26, 58, 42, 48, 43, 22, 20,

INTRA16X16_CHROMAV_DC =
16,

INTER16X16_LUMA =
16, 16, 16, 16, 16, 18, 23, 28,
16, 16, 16, 16, 16, 18, 31, 35,
16, 16, 16, 16, 16, 17, 28, 52,
16, 16, 16, 16, 17, 18, 28, 44,
16, 16, 16, 16, 18, 22, 46, 33,
17, 17, 17, 18, 20, 42, 61, 32,
24, 23, 23, 25, 41, 87, 43, 22,
30, 26, 58, 42, 48, 43, 22, 20,

INTER16X16_LUMA_DC =
16,

INTER16X16_CHROMAU =
16, 16, 16, 16, 16, 18, 23, 28,
16, 16, 16, 16, 16, 18, 31, 35,
16, 16, 16, 16, 16, 17, 28, 52,
16, 16, 16, 16, 17, 18, 28, 44,
16, 16, 16, 16, 18, 22, 46, 33,
17, 17, 17, 18, 20, 42, 61, 32,
24, 23, 23, 25, 41, 87, 43, 22,
30, 26, 58, 42, 48, 43, 22, 20,

INTER16X16_CHROMAU_DC =
16,

INTER16X16_CHROMAV =
16, 16, 16, 16, 16, 18, 23, 28,
16, 16, 16, 16, 16, 18, 31, 35,
16, 16, 16, 16, 16, 17, 28, 52,
16, 16, 16, 16, 17, 18, 28, 44,
16, 16, 16, 16, 18, 22, 46, 33,
17, 17, 17, 18, 20, 42, 61, 32,
24, 23, 23, 25, 41, 87, 43, 22,
30, 26, 58, 42, 48, 43, 22, 20,

INTER16X16_CHROMAV_DC =
16,

INTRA32X32_LUMA =
17, 16, 16, 16, 16, 21, 31, 25,
16, 16, 16, 16, 16, 19, 37, 36,
16, 16, 16, 16, 17, 19, 34, 41,
16, 16, 16, 16, 17, 22, 43, 39,
17, 17, 17, 17, 20, 33, 52, 41,
18, 18, 18, 21, 29, 55, 68, 30,
26, 28, 28, 32, 63, 91, 34, 23,
30, 30, 57, 38, 44, 36, 23, 22,

INTRA32X32_LUMA_DC =
17,

INTRA32X32_CHROMAU =
17, 16, 16, 16, 16, 21, 31, 25,
16, 16, 16, 16, 16, 19, 37, 36,
16, 16, 16, 16, 17, 19, 34, 41,
16, 16, 16, 16, 17, 22, 43, 39,
17, 17, 17, 17, 20, 33, 52, 41,
18, 18, 18, 21, 29, 55, 68, 30,
26, 28, 28, 32, 63, 91, 34, 23,
30, 30, 57, 38, 44, 36, 23, 22,

INTRA32X32_CHROMAU_DC =
17,

INTRA32X32_CHROMAV =
17, 16, 16, 16, 16, 21, 31, 25,
16, 16, 16, 16, 16, 19, 37, 36,
16, 16, 16, 16, 17, 19, 34, 41,
16, 16, 16, 16, 17, 22, 43, 39,
17, 17, 17, 17, 20, 33, 52, 41,
18, 18, 18, 21, 29, 55, 68, 30,
26, 28, 28, 32, 63, 91, 34, 23,
30, 30, 57, 38, 44, 36, 23, 22,

INTRA32X32_CHROMAV_DC =
17,

INTER32X32_LUMA =
17, 16, 16, 16, 16, 21, 31, 25,
16, 16, 16, 16, 16, 19, 37, 36,
16, 16, 16, 16, 17, 19, 34, 41,
16, 16, 16, 16, 17, 22, 43, 39,
17, 17, 17, 17, 20, 33, 52, 41,
18, 18, 18, 21, 29, 55, 68, 30,
26, 28, 28, 32, 63, 91, 34, 23,
30, 30, 57, 38, 44, 36, 23, 22,

INTER32X32_LUMA_DC =
17,

INTER32X32_CHROMAU =
17, 16, 16, 16, 16, 21, 31, 25,
16, 16, 16, 16, 16, 19, 37, 36,
16, 16, 16, 16, 17, 19, 34, 41,
16, 16, 16, 16, 17, 22, 43, 39,
17, 17, 17, 17, 20, 33, 52, 41,
18, 18, 18, 21, 29, 55, 68, 30,
26, 28, 28, 32, 63, 91, 34, 23,
30, 30, 57, 38, 44, 36, 23, 22,

INTER32X32_CHROMAU_DC =
17,

INTER32X32_CHROMAV =
17, 16, 16, 16, 16, 21, 31, 25,
16, 16, 16, 16, 16, 19, 37, 36,
16, 16, 16, 16, 17, 19, 34, 41,
16, 16, 16, 16, 17, 22, 43, 39,
17, 17, 17, 17, 20, 33, 52, 41,
18, 18, 18, 21, 29, 55, 68, 30,
26, 28, 28, 32, 63, 91, 34, 23,
30, 30, 57, 38, 44, 36, 23, 22,

INTER32X32_CHROMAV_DC =
17,

INTRA64X64_LUMA =
17, 16, 16, 16, 16, 21, 31, 25,
16, 16, 16, 16, 16, 19, 37, 36,
16, 16, 16, 16, 17, 19, 34, 41,
16, 16, 16, 16, 17, 22, 43, 39,
17, 17, 17, 17, 20, 33, 52, 41,
18, 18, 18, 21, 29, 55, 68, 30,
26, 28, 28, 32, 63, 91, 34, 23,
30, 30, 57, 38, 44, 36, 23, 22,

INTRA64X64_LUMA_DC =
17,

INTER64X64_LUMA =
17, 16, 16, 16, 16, 21, 31, 25,
16, 16, 16, 16, 16, 19, 37, 36,
16, 16, 16, 16, 17, 19, 34, 41,
16, 16, 16, 16, 17, 22, 43, 39,
17, 17, 17, 17, 20, 33, 52, 41,
18, 18, 18, 21, 29, 55, 68, 30,
26, 28, 28, 32, 63, 91, 34, 23,
30, 30, 57, 38, 44, 36, 23, 22,

INTER64X64_LUMA_DC =
17,

