INTRA2X2_LUMA =
17, 17,
17, 18,

INTRA2X2_CHROMAU =
17, 17,
17, 18,

INTRA2X2_CHROMAV =
17, 17,
17, 18,

INTER2X2_LUMA =
17, 17,
17, 18,

INTER2X2_CHROMAU =
17, 17,
17, 18,

INTER2X2_CHROMAV =
17, 17,
17, 18,

INTRA4X4_LUMA =
17, 17, 17, 18,
17, 17, 17, 18,
17, 17, 17, 20,
18, 18, 19, 41,

INTRA4X4_CHROMAU =
17, 17, 17, 18,
17, 17, 17, 18,
17, 17, 17, 20,
18, 18, 19, 41,

INTRA4X4_CHROMAV =
17, 17, 17, 18,
17, 17, 17, 18,
17, 17, 17, 20,
18, 18, 19, 41,

INTER4X4_LUMA =
17, 17, 17, 18,
17, 17, 17, 18,
17, 17, 17, 20,
18, 18, 19, 41,

INTER4X4_CHROMAU =
17, 17, 17, 18,
17, 17, 17, 18,
17, 17, 17, 20,
18, 18, 19, 41,

INTER4X4_CHROMAV =
17, 17, 17, 18,
17, 17, 17, 18,
17, 17, 17, 20,
18, 18, 19, 41,

INTRA8X8_LUMA =
16, 16, 16, 16, 16, 16, 16, 17,
16, 16, 16, 16, 16, 16, 16, 16,
16, 16, 16, 16, 16, 16, 16, 16,
16, 16, 16, 16, 16, 16, 16, 16,
16, 16, 16, 16, 16, 16, 16, 17,
16, 16, 16, 16, 16, 16, 16, 31,
16, 16, 16, 16, 16, 16, 18, 64,
18, 17, 17, 16, 17, 33, 64, 127,

INTRA8X8_CHROMAU =
16, 16, 16, 16, 16, 16, 16, 17,
16, 16, 16, 16, 16, 16, 16, 16,
16, 16, 16, 16, 16, 16, 16, 16,
16, 16, 16, 16, 16, 16, 16, 16,
16, 16, 16, 16, 16, 16, 16, 17,
16, 16, 16, 16, 16, 16, 16, 31,
16, 16, 16, 16, 16, 16, 18, 64,
18, 17, 17, 16, 17, 33, 64, 127,

INTRA8X8_CHROMAV =
16, 16, 16, 16, 16, 16, 16, 17,
16, 16, 16, 16, 16, 16, 16, 16,
16, 16, 16, 16, 16, 16, 16, 16,
16, 16, 16, 16, 16, 16, 16, 16,
16, 16, 16, 16, 16, 16, 16, 17,
16, 16, 16, 16, 16, 16, 16, 31,
16, 16, 16, 16, 16, 16, 18, 64,
18, 17, 17, 16, 17, 33, 64, 127,

INTER8X8_LUMA =
16, 16, 16, 16, 16, 16, 16, 17,
16, 16, 16, 16, 16, 16, 16, 16,
16, 16, 16, 16, 16, 16, 16, 16,
16, 16, 16, 16, 16, 16, 16, 16,
16, 16, 16, 16, 16, 16, 16, 17,
16, 16, 16, 16, 16, 16, 16, 31,
16, 16, 16, 16, 16, 16, 18, 64,
18, 17, 17, 16, 17, 33, 64, 127,

INTER8X8_CHROMAU =
16, 16, 16, 16, 16, 16, 16, 17,
16, 16, 16, 16, 16, 16, 16, 16,
16, 16, 16, 16, 16, 16, 16, 16,
16, 16, 16, 16, 16, 16, 16, 16,
16, 16, 16, 16, 16, 16, 16, 17,
16, 16, 16, 16, 16, 16, 16, 31,
16, 16, 16, 16, 16, 16, 18, 64,
18, 17, 17, 16, 17, 33, 64, 127,

INTER8X8_CHROMAV =
16, 16, 16, 16, 16, 16, 16, 17,
16, 16, 16, 16, 16, 16, 16, 16,
16, 16, 16, 16, 16, 16, 16, 16,
16, 16, 16, 16, 16, 16, 16, 16,
16, 16, 16, 16, 16, 16, 16, 17,
16, 16, 16, 16, 16, 16, 16, 31,
16, 16, 16, 16, 16, 16, 18, 64,
18, 17, 17, 16, 17, 33, 64, 127,

INTRA16X16_LUMA =
21, 18, 17, 17, 17, 19, 23, 42,
19, 17, 17, 17, 17, 18, 21, 31,
18, 17, 17, 17, 17, 18, 21, 29,
18, 17, 17, 17, 17, 18, 21, 30,
18, 17, 17, 17, 18, 19, 24, 41,
19, 19, 18, 18, 19, 22, 32, 56,
21, 21, 21, 20, 22, 32, 50, 72,
34, 29, 39, 32, 41, 55, 66, 68,

INTRA16X16_LUMA_DC =
22,

INTRA16X16_CHROMAU =
21, 18, 17, 17, 17, 19, 23, 42,
19, 17, 17, 17, 17, 18, 21, 31,
18, 17, 17, 17, 17, 18, 21, 29,
18, 17, 17, 17, 17, 18, 21, 30,
18, 17, 17, 17, 18, 19, 24, 41,
19, 19, 18, 18, 19, 22, 32, 56,
21, 21, 21, 20, 22, 32, 50, 72,
34, 29, 39, 32, 41, 55, 66, 68,

INTRA16X16_CHROMAU_DC =
22,

INTRA16X16_CHROMAV =
21, 18, 17, 17, 17, 19, 23, 42,
19, 17, 17, 17, 17, 18, 21, 31,
18, 17, 17, 17, 17, 18, 21, 29,
18, 17, 17, 17, 17, 18, 21, 30,
18, 17, 17, 17, 18, 19, 24, 41,
19, 19, 18, 18, 19, 22, 32, 56,
21, 21, 21, 20, 22, 32, 50, 72,
34, 29, 39, 32, 41, 55, 66, 68,

INTRA16X16_CHROMAV_DC =
22,

INTER16X16_LUMA =
21, 18, 17, 17, 17, 19, 23, 42,
19, 17, 17, 17, 17, 18, 21, 31,
18, 17, 17, 17, 17, 18, 21, 29,
18, 17, 17, 17, 17, 18, 21, 30,
18, 17, 17, 17, 18, 19, 24, 41,
19, 19, 18, 18, 19, 22, 32, 56,
21, 21, 21, 20, 22, 32, 50, 72,
34, 29, 39, 32, 41, 55, 66, 68,

INTER16X16_LUMA_DC =
22,

INTER16X16_CHROMAU =
21, 18, 17, 17, 17, 19, 23, 42,
19, 17, 17, 17, 17, 18, 21, 31,
18, 17, 17, 17, 17, 18, 21, 29,
18, 17, 17, 17, 17, 18, 21, 30,
18, 17, 17, 17, 18, 19, 24, 41,
19, 19, 18, 18, 19, 22, 32, 56,
21, 21, 21, 20, 22, 32, 50, 72,
34, 29, 39, 32, 41, 55, 66, 68,

INTER16X16_CHROMAU_DC =
22,

INTER16X16_CHROMAV =
21, 18, 17, 17, 17, 19, 23, 42,
19, 17, 17, 17, 17, 18, 21, 31,
18, 17, 17, 17, 17, 18, 21, 29,
18, 17, 17, 17, 17, 18, 21, 30,
18, 17, 17, 17, 18, 19, 24, 41,
19, 19, 18, 18, 19, 22, 32, 56,
21, 21, 21, 20, 22, 32, 50, 72,
34, 29, 39, 32, 41, 55, 66, 68,

INTER16X16_CHROMAV_DC =
22,

INTRA32X32_LUMA =
32, 18, 18, 18, 19, 24, 37, 54,
21, 18, 18, 17, 18, 21, 31, 44,
19, 18, 17, 18, 18, 20, 29, 41,
18, 18, 18, 18, 19, 21, 27, 46,
19, 18, 18, 18, 21, 25, 36, 75,
21, 20, 20, 20, 23, 32, 58, 80,
29, 28, 27, 26, 33, 50, 67, 65,
48, 42, 45, 48, 61, 72, 60, 65,

INTRA32X32_LUMA_DC =
24,

INTRA32X32_CHROMAU =
32, 18, 18, 18, 19, 24, 37, 54,
21, 18, 18, 17, 18, 21, 31, 44,
19, 18, 17, 18, 18, 20, 29, 41,
18, 18, 18, 18, 19, 21, 27, 46,
19, 18, 18, 18, 21, 25, 36, 75,
21, 20, 20, 20, 23, 32, 58, 80,
29, 28, 27, 26, 33, 50, 67, 65,
48, 42, 45, 48, 61, 72, 60, 65,

INTRA32X32_CHROMAU_DC =
24,

INTRA32X32_CHROMAV =
32, 18, 18, 18, 19, 24, 37, 54,
21, 18, 18, 17, 18, 21, 31, 44,
19, 18, 17, 18, 18, 20, 29, 41,
18, 18, 18, 18, 19, 21, 27, 46,
19, 18, 18, 18, 21, 25, 36, 75,
21, 20, 20, 20, 23, 32, 58, 80,
29, 28, 27, 26, 33, 50, 67, 65,
48, 42, 45, 48, 61, 72, 60, 65,

INTRA32X32_CHROMAV_DC =
24,

INTER32X32_LUMA =
32, 18, 18, 18, 19, 24, 37, 54,
21, 18, 18, 17, 18, 21, 31, 44,
19, 18, 17, 18, 18, 20, 29, 41,
18, 18, 18, 18, 19, 21, 27, 46,
19, 18, 18, 18, 21, 25, 36, 75,
21, 20, 20, 20, 23, 32, 58, 80,
29, 28, 27, 26, 33, 50, 67, 65,
48, 42, 45, 48, 61, 72, 60, 65,

INTER32X32_LUMA_DC =
24,

INTER32X32_CHROMAU =
32, 18, 18, 18, 19, 24, 37, 54,
21, 18, 18, 17, 18, 21, 31, 44,
19, 18, 17, 18, 18, 20, 29, 41,
18, 18, 18, 18, 19, 21, 27, 46,
19, 18, 18, 18, 21, 25, 36, 75,
21, 20, 20, 20, 23, 32, 58, 80,
29, 28, 27, 26, 33, 50, 67, 65,
48, 42, 45, 48, 61, 72, 60, 65,

INTER32X32_CHROMAU_DC =
24,

INTER32X32_CHROMAV =
32, 18, 18, 18, 19, 24, 37, 54,
21, 18, 18, 17, 18, 21, 31, 44,
19, 18, 17, 18, 18, 20, 29, 41,
18, 18, 18, 18, 19, 21, 27, 46,
19, 18, 18, 18, 21, 25, 36, 75,
21, 20, 20, 20, 23, 32, 58, 80,
29, 28, 27, 26, 33, 50, 67, 65,
48, 42, 45, 48, 61, 72, 60, 65,

INTER32X32_CHROMAV_DC =
24,

INTRA64X64_LUMA =
32, 18, 18, 18, 19, 24, 37, 54,
21, 18, 18, 17, 18, 21, 31, 44,
19, 18, 17, 18, 18, 20, 29, 41,
18, 18, 18, 18, 19, 21, 27, 46,
19, 18, 18, 18, 21, 25, 36, 75,
21, 20, 20, 20, 23, 32, 58, 80,
29, 28, 27, 26, 33, 50, 67, 65,
48, 42, 45, 48, 61, 72, 60, 65,

INTRA64X64_LUMA_DC =
24,

INTER64X64_LUMA =
32, 18, 18, 18, 19, 24, 37, 54,
21, 18, 18, 17, 18, 21, 31, 44,
19, 18, 17, 18, 18, 20, 29, 41,
18, 18, 18, 18, 19, 21, 27, 46,
19, 18, 18, 18, 21, 25, 36, 75,
21, 20, 20, 20, 23, 32, 58, 80,
29, 28, 27, 26, 33, 50, 67, 65,
48, 42, 45, 48, 61, 72, 60, 65,

INTER64X64_LUMA_DC =
24,

