INTRA2X2_LUMA =
17, 18,
18, 32,

INTRA2X2_CHROMAU =
17, 18,
18, 32,

INTRA2X2_CHROMAV =
17, 18,
18, 32,

INTER2X2_LUMA =
17, 18,
18, 32,

INTER2X2_CHROMAU =
17, 18,
18, 32,

INTER2X2_CHROMAV =
17, 18,
18, 32,

INTRA4X4_LUMA =
18, 17, 17, 25,
17, 17, 17, 22,
18, 17, 17, 30,
22, 22, 28, 100,

INTRA4X4_CHROMAU =
18, 17, 17, 25,
17, 17, 17, 22,
18, 17, 17, 30,
22, 22, 28, 100,

INTRA4X4_CHROMAV =
18, 17, 17, 25,
17, 17, 17, 22,
18, 17, 17, 30,
22, 22, 28, 100,

INTER4X4_LUMA =
18, 17, 17, 25,
17, 17, 17, 22,
18, 17, 17, 30,
22, 22, 28, 100,

INTER4X4_CHROMAU =
18, 17, 17, 25,
17, 17, 17, 22,
18, 17, 17, 30,
22, 22, 28, 100,

INTER4X4_CHROMAV =
18, 17, 17, 25,
17, 17, 17, 22,
18, 17, 17, 30,
22, 22, 28, 100,

INTRA8X8_LUMA =
19, 18, 17, 17, 17, 18, 22, 66,
18, 17, 17, 17, 17, 18, 20, 46,
18, 17, 17, 17, 17, 17, 19, 46,
18, 17, 17, 17, 17, 17, 19, 41,
18, 17, 17, 17, 17, 18, 22, 51,
18, 18, 18, 17, 18, 21, 28, 92,
20, 20, 19, 19, 21, 28, 51, 122,
50, 41, 46, 40, 48, 97, 122, 126,

INTRA8X8_CHROMAU =
19, 18, 17, 17, 17, 18, 22, 66,
18, 17, 17, 17, 17, 18, 20, 46,
18, 17, 17, 17, 17, 17, 19, 46,
18, 17, 17, 17, 17, 17, 19, 41,
18, 17, 17, 17, 17, 18, 22, 51,
18, 18, 18, 17, 18, 21, 28, 92,
20, 20, 19, 19, 21, 28, 51, 122,
50, 41, 46, 40, 48, 97, 122, 126,

INTRA8X8_CHROMAV =
19, 18, 17, 17, 17, 18, 22, 66,
18, 17, 17, 17, 17, 18, 20, 46,
18, 17, 17, 17, 17, 17, 19, 46,
18, 17, 17, 17, 17, 17, 19, 41,
18, 17, 17, 17, 17, 18, 22, 51,
18, 18, 18, 17, 18, 21, 28, 92,
20, 20, 19, 19, 21, 28, 51, 122,
50, 41, 46, 40, 48, 97, 122, 126,

INTER8X8_LUMA =
19, 18, 17, 17, 17, 18, 22, 66,
18, 17, 17, 17, 17, 18, 20, 46,
18, 17, 17, 17, 17, 17, 19, 46,
18, 17, 17, 17, 17, 17, 19, 41,
18, 17, 17, 17, 17, 18, 22, 51,
18, 18, 18, 17, 18, 21, 28, 92,
20, 20, 19, 19, 21, 28, 51, 122,
50, 41, 46, 40, 48, 97, 122, 126,

INTER8X8_CHROMAU =
19, 18, 17, 17, 17, 18, 22, 66,
18, 17, 17, 17, 17, 18, 20, 46,
18, 17, 17, 17, 17, 17, 19, 46,
18, 17, 17, 17, 17, 17, 19, 41,
18, 17, 17, 17, 17, 18, 22, 51,
18, 18, 18, 17, 18, 21, 28, 92,
20, 20, 19, 19, 21, 28, 51, 122,
50, 41, 46, 40, 48, 97, 122, 126,

INTER8X8_CHROMAV =
19, 18, 17, 17, 17, 18, 22, 66,
18, 17, 17, 17, 17, 18, 20, 46,
18, 17, 17, 17, 17, 17, 19, 46,
18, 17, 17, 17, 17, 17, 19, 41,
18, 17, 17, 17, 17, 18, 22, 51,
18, 18, 18, 17, 18, 21, 28, 92,
20, 20, 19, 19, 21, 28, 51, 122,
50, 41, 46, 40, 48, 97, 122, 126,

INTRA16X16_LUMA =
22, 18, 18, 17, 18, 21, 28, 77,
19, 18, 17, 17, 17, 19, 27, 57,
18, 18, 17, 17, 17, 19, 24, 46,
18, 17, 17, 17, 18, 19, 24, 50,
18, 18, 17, 17, 18, 21, 29, 71,
19, 19, 18, 19, 20, 26, 45, 100,
25, 24, 23, 23, 28, 44, 86, 118,
54, 46, 54, 51, 72, 103, 119, 121,

INTRA16X16_LUMA_DC =
24,

INTRA16X16_CHROMAU =
22, 18, 18, 17, 18, 21, 28, 77,
19, 18, 17, 17, 17, 19, 27, 57,
18, 18, 17, 17, 17, 19, 24, 46,
18, 17, 17, 17, 18, 19, 24, 50,
18, 18, 17, 17, 18, 21, 29, 71,
19, 19, 18, 19, 20, 26, 45, 100,
25, 24, 23, 23, 28, 44, 86, 118,
54, 46, 54, 51, 72, 103, 119, 121,

INTRA16X16_CHROMAU_DC =
24,

INTRA16X16_CHROMAV =
22, 18, 18, 17, 18, 21, 28, 77,
19, 18, 17, 17, 17, 19, 27, 57,
18, 18, 17, 17, 17, 19, 24, 46,
18, 17, 17, 17, 18, 19, 24, 50,
18, 18, 17, 17, 18, 21, 29, 71,
19, 19, 18, 19, 20, 26, 45, 100,
25, 24, 23, 23, 28, 44, 86, 118,
54, 46, 54, 51, 72, 103, 119, 121,

INTRA16X16_CHROMAV_DC =
24,

INTER16X16_LUMA =
22, 18, 18, 17, 18, 21, 28, 77,
19, 18, 17, 17, 17, 19, 27, 57,
18, 18, 17, 17, 17, 19, 24, 46,
18, 17, 17, 17, 18, 19, 24, 50,
18, 18, 17, 17, 18, 21, 29, 71,
19, 19, 18, 19, 20, 26, 45, 100,
25, 24, 23, 23, 28, 44, 86, 118,
54, 46, 54, 51, 72, 103, 119, 121,

INTER16X16_LUMA_DC =
24,

INTER16X16_CHROMAU =
22, 18, 18, 17, 18, 21, 28, 77,
19, 18, 17, 17, 17, 19, 27, 57,
18, 18, 17, 17, 17, 19, 24, 46,
18, 17, 17, 17, 18, 19, 24, 50,
18, 18, 17, 17, 18, 21, 29, 71,
19, 19, 18, 19, 20, 26, 45, 100,
25, 24, 23, 23, 28, 44, 86, 118,
54, 46, 54, 51, 72, 103, 119, 121,

INTER16X16_CHROMAU_DC =
24,

INTER16X16_CHROMAV =
22, 18, 18, 17, 18, 21, 28, 77,
19, 18, 17, 17, 17, 19, 27, 57,
18, 18, 17, 17, 17, 19, 24, 46,
18, 17, 17, 17, 18, 19, 24, 50,
18, 18, 17, 17, 18, 21, 29, 71,
19, 19, 18, 19, 20, 26, 45, 100,
25, 24, 23, 23, 28, 44, 86, 118,
54, 46, 54, 51, 72, 103, 119, 121,

INTER16X16_CHROMAV_DC =
24,

INTRA32X32_LUMA =
28, 18, 18, 18, 19, 28, 40, 85,
21, 18, 18, 18, 18, 22, 35, 68,
19, 18, 18, 18, 18, 21, 31, 50,
19, 18, 18, 18, 19, 22, 32, 65,
19, 19, 18, 19, 21, 26, 43, 93,
21, 21, 21, 21, 26, 36, 71, 100,
31, 31, 28, 29, 41, 62, 98, 107,
62, 52, 64, 68, 88, 103, 104, 106,

INTRA32X32_LUMA_DC =
25,

INTRA32X32_CHROMAU =
28, 18, 18, 18, 19, 28, 40, 85,
21, 18, 18, 18, 18, 22, 35, 68,
19, 18, 18, 18, 18, 21, 31, 50,
19, 18, 18, 18, 19, 22, 32, 65,
19, 19, 18, 19, 21, 26, 43, 93,
21, 21, 21, 21, 26, 36, 71, 100,
31, 31, 28, 29, 41, 62, 98, 107,
62, 52, 64, 68, 88, 103, 104, 106,

INTRA32X32_CHROMAU_DC =
25,

INTRA32X32_CHROMAV =
28, 18, 18, 18, 19, 28, 40, 85,
21, 18, 18, 18, 18, 22, 35, 68,
19, 18, 18, 18, 18, 21, 31, 50,
19, 18, 18, 18, 19, 22, 32, 65,
19, 19, 18, 19, 21, 26, 43, 93,
21, 21, 21, 21, 26, 36, 71, 100,
31, 31, 28, 29, 41, 62, 98, 107,
62, 52, 64, 68, 88, 103, 104, 106,

INTRA32X32_CHROMAV_DC =
25,

INTER32X32_LUMA =
28, 18, 18, 18, 19, 28, 40, 85,
21, 18, 18, 18, 18, 22, 35, 68,
19, 18, 18, 18, 18, 21, 31, 50,
19, 18, 18, 18, 19, 22, 32, 65,
19, 19, 18, 19, 21, 26, 43, 93,
21, 21, 21, 21, 26, 36, 71, 100,
31, 31, 28, 29, 41, 62, 98, 107,
62, 52, 64, 68, 88, 103, 104, 106,

INTER32X32_LUMA_DC =
25,

INTER32X32_CHROMAU =
28, 18, 18, 18, 19, 28, 40, 85,
21, 18, 18, 18, 18, 22, 35, 68,
19, 18, 18, 18, 18, 21, 31, 50,
19, 18, 18, 18, 19, 22, 32, 65,
19, 19, 18, 19, 21, 26, 43, 93,
21, 21, 21, 21, 26, 36, 71, 100,
31, 31, 28, 29, 41, 62, 98, 107,
62, 52, 64, 68, 88, 103, 104, 106,

INTER32X32_CHROMAU_DC =
25,

INTER32X32_CHROMAV =
28, 18, 18, 18, 19, 28, 40, 85,
21, 18, 18, 18, 18, 22, 35, 68,
19, 18, 18, 18, 18, 21, 31, 50,
19, 18, 18, 18, 19, 22, 32, 65,
19, 19, 18, 19, 21, 26, 43, 93,
21, 21, 21, 21, 26, 36, 71, 100,
31, 31, 28, 29, 41, 62, 98, 107,
62, 52, 64, 68, 88, 103, 104, 106,

INTER32X32_CHROMAV_DC =
25,

INTRA64X64_LUMA =
28, 18, 18, 18, 19, 28, 40, 85,
21, 18, 18, 18, 18, 22, 35, 68,
19, 18, 18, 18, 18, 21, 31, 50,
19, 18, 18, 18, 19, 22, 32, 65,
19, 19, 18, 19, 21, 26, 43, 93,
21, 21, 21, 21, 26, 36, 71, 100,
31, 31, 28, 29, 41, 62, 98, 107,
62, 52, 64, 68, 88, 103, 104, 106,

INTRA64X64_LUMA_DC =
25,

INTER64X64_LUMA =
28, 18, 18, 18, 19, 28, 40, 85,
21, 18, 18, 18, 18, 22, 35, 68,
19, 18, 18, 18, 18, 21, 31, 50,
19, 18, 18, 18, 19, 22, 32, 65,
19, 19, 18, 19, 21, 26, 43, 93,
21, 21, 21, 21, 26, 36, 71, 100,
31, 31, 28, 29, 41, 62, 98, 107,
62, 52, 64, 68, 88, 103, 104, 106,

INTER64X64_LUMA_DC =
25,

