INTRA2X2_LUMA =
16, 16,
16, 35,

INTRA2X2_CHROMAU =
16, 16,
16, 35,

INTRA2X2_CHROMAV =
16, 16,
16, 35,

INTER2X2_LUMA =
16, 16,
16, 35,

INTER2X2_CHROMAU =
16, 16,
16, 35,

INTER2X2_CHROMAV =
16, 16,
16, 35,

INTRA4X4_LUMA =
16, 16, 16, 17,
16, 16, 16, 18,
16, 16, 17, 37,
17, 18, 34, 57,

INTRA4X4_CHROMAU =
16, 16, 16, 17,
16, 16, 16, 18,
16, 16, 17, 37,
17, 18, 34, 57,

INTRA4X4_CHROMAV =
16, 16, 16, 17,
16, 16, 16, 18,
16, 16, 17, 37,
17, 18, 34, 57,

INTER4X4_LUMA =
16, 16, 16, 17,
16, 16, 16, 18,
16, 16, 17, 37,
17, 18, 34, 57,

INTER4X4_CHROMAU =
16, 16, 16, 17,
16, 16, 16, 18,
16, 16, 17, 37,
17, 18, 34, 57,

INTER4X4_CHROMAV =
16, 16, 16, 17,
16, 16, 16, 18,
16, 16, 17, 37,
17, 18, 34, 57,

INTRA8X8_LUMA =
16, 16, 16, 16, 16, 16, 16, 16,
16, 16, 16, 16, 16, 16, 16, 33,
16, 16, 16, 16, 16, 16, 16, 56,
16, 16, 16, 16, 16, 16, 16, 63,
16, 16, 16, 16, 16, 16, 16, 16,
16, 16, 16, 16, 16, 37, 16, 18,
16, 16, 16, 16, 16, 128, 16, 16,
42, 27, 45, 16, 16, 73, 16, 16,

INTRA8X8_CHROMAU =
16, 16, 16, 16, 16, 16, 16, 16,
16, 16, 16, 16, 16, 16, 16, 33,
16, 16, 16, 16, 16, 16, 16, 56,
16, 16, 16, 16, 16, 16, 16, 63,
16, 16, 16, 16, 16, 16, 16, 16,
16, 16, 16, 16, 16, 37, 16, 18,
16, 16, 16, 16, 16, 128, 16, 16,
42, 27, 45, 16, 16, 73, 16, 16,

INTRA8X8_CHROMAV =
16, 16, 16, 16, 16, 16, 16, 16,
16, 16, 16, 16, 16, 16, 16, 33,
16, 16, 16, 16, 16, 16, 16, 56,
16, 16, 16, 16, 16, 16, 16, 63,
16, 16, 16, 16, 16, 16, 16, 16,
16, 16, 16, 16, 16, 37, 16, 18,
16, 16, 16, 16, 16, 128, 16, 16,
42, 27, 45, 16, 16, 73, 16, 16,

INTER8X8_LUMA =
16, 16, 16, 16, 16, 16, 16, 16,
16, 16, 16, 16, 16, 16, 16, 33,
16, 16, 16, 16, 16, 16, 16, 56,
16, 16, 16, 16, 16, 16, 16, 63,
16, 16, 16, 16, 16, 16, 16, 16,
16, 16, 16, 16, 16, 37, 16, 18,
16, 16, 16, 16, 16, 128, 16, 16,
42, 27, 45, 16, 16, 73, 16, 16,

INTER8X8_CHROMAU =
16, 16, 16, 16, 16, 16, 16, 16,
16, 16, 16, 16, 16, 16, 16, 33,
16, 16, 16, 16, 16, 16, 16, 56,
16, 16, 16, 16, 16, 16, 16, 63,
16, 16, 16, 16, 16, 16, 16, 16,
16, 16, 16, 16, 16, 37, 16, 18,
16, 16, 16, 16, 16, 128, 16, 16,
42, 27, 45, 16, 16, 73, 16, 16,

INTER8X8_CHROMAV =
16, 16, 16, 16, 16, 16, 16, 16,
16, 16, 16, 16, 16, 16, 16, 33,
16, 16, 16, 16, 16, 16, 16, 56,
16, 16, 16, 16, 16, 16, 16, 63,
16, 16, 16, 16, 16, 16, 16, 16,
16, 16, 16, 16, 16, 37, 16, 18,
16, 16, 16, 16, 16, 128, 16, 16,
42, 27, 45, 16, 16, 73, 16, 16,

INTRA16X16_LUMA =
16, 16, 16, 16, 16, 18, 21, 28,
16, 16, 16, 16, 16, 17, 28, 34,
16, 16, 16, 16, 16, 17, 25, 49,
16, 16, 16, 16, 16, 18, 26, 35,
16, 16, 16, 16, 17, 20, 48, 26,
17, 17, 17, 17, 19, 25, 71, 26,
22, 23, 21, 22, 45, 64, 44, 20,
25, 23, 56, 34, 34, 25, 19, 18,

INTRA16X16_LUMA_DC =
16,

INTRA16X16_CHROMAU =
16, 16, 16, 16, 16, 18, 21, 28,
16, 16, 16, 16, 16, 17, 28, 34,
16, 16, 16, 16, 16, 17, 25, 49,
16, 16, 16, 16, 16, 18, 26, 35,
16, 16, 16, 16, 17, 20, 48, 26,
17, 17, 17, 17, 19, 25, 71, 26,
22, 23, 21, 22, 45, 64, 44, 20,
25, 23, 56, 34, 34, 25, 19, 18,

INTRA16X16_CHROMAU_DC =
16,

INTRA16X16_CHROMAV =
16, 16, 16, 16, 16, 18, 21, 28,
16, 16, 16, 16, 16, 17, 28, 34,
16, 16, 16, 16, 16, 17, 25, 49,
16, 16, 16, 16, 16, 18, 26, 35,
16, 16, 16, 16, 17, 20, 48, 26,
17, 17, 17, 17, 19, 25, 71, 26,
22, 23, 21, 22, 45, 64, 44, 20,
25, 23, 56, 34, 34, 25, 19, 18,

INTRA16X16_CHROMAV_DC =
16,

INTER16X16_LUMA =
16, 16, 16, 16, 16, 18, 21, 28,
16, 16, 16, 16, 16, 17, 28, 34,
16, 16, 16, 16, 16, 17, 25, 49,
16, 16, 16, 16, 16, 18, 26, 35,
16, 16, 16, 16, 17, 20, 48, 26,
17, 17, 17, 17, 19, 25, 71, 26,
22, 23, 21, 22, 45, 64, 44, 20,
25, 23, 56, 34, 34, 25, 19, 18,

INTER16X16_LUMA_DC =
16,

INTER16X16_CHROMAU =
16, 16, 16, 16, 16, 18, 21, 28,
16, 16, 16, 16, 16, 17, 28, 34,
16, 16, 16, 16, 16, 17, 25, 49,
16, 16, 16, 16, 16, 18, 26, 35,
16, 16, 16, 16, 17, 20, 48, 26,
17, 17, 17, 17, 19, 25, 71, 26,
22, 23, 21, 22, 45, 64, 44, 20,
25, 23, 56, 34, 34, 25, 19, 18,

INTER16X16_CHROMAU_DC =
16,

INTER16X16_CHROMAV =
16, 16, 16, 16, 16, 18, 21, 28,
16, 16, 16, 16, 16, 17, 28, 34,
16, 16, 16, 16, 16, 17, 25, 49,
16, 16, 16, 16, 16, 18, 26, 35,
16, 16, 16, 16, 17, 20, 48, 26,
17, 17, 17, 17, 19, 25, 71, 26,
22, 23, 21, 22, 45, 64, 44, 20,
25, 23, 56, 34, 34, 25, 19, 18,

INTER16X16_CHROMAV_DC =
16,

INTRA32X32_LUMA =
17, 16, 16, 16, 16, 21, 30, 23,
16, 16, 16, 16, 16, 19, 35, 32,
16, 16, 16, 16, 17, 19, 36, 39,
16, 16, 16, 16, 18, 21, 42, 38,
17, 16, 17, 18, 20, 28, 47, 37,
18, 18, 18, 20, 26, 48, 63, 27,
28, 29, 25, 30, 52, 84, 33, 22,
27, 28, 53, 40, 45, 32, 22, 20,

INTRA32X32_LUMA_DC =
17,

INTRA32X32_CHROMAU =
17, 16, 16, 16, 16, 21, 30, 23,
16, 16, 16, 16, 16, 19, 35, 32,
16, 16, 16, 16, 17, 19, 36, 39,
16, 16, 16, 16, 18, 21, 42, 38,
17, 16, 17, 18, 20, 28, 47, 37,
18, 18, 18, 20, 26, 48, 63, 27,
28, 29, 25, 30, 52, 84, 33, 22,
27, 28, 53, 40, 45, 32, 22, 20,

INTRA32X32_CHROMAU_DC =
17,

INTRA32X32_CHROMAV =
17, 16, 16, 16, 16, 21, 30, 23,
16, 16, 16, 16, 16, 19, 35, 32,
16, 16, 16, 16, 17, 19, 36, 39,
16, 16, 16, 16, 18, 21, 42, 38,
17, 16, 17, 18, 20, 28, 47, 37,
18, 18, 18, 20, 26, 48, 63, 27,
28, 29, 25, 30, 52, 84, 33, 22,
27, 28, 53, 40, 45, 32, 22, 20,

INTRA32X32_CHROMAV_DC =
17,

INTER32X32_LUMA =
17, 16, 16, 16, 16, 21, 30, 23,
16, 16, 16, 16, 16, 19, 35, 32,
16, 16, 16, 16, 17, 19, 36, 39,
16, 16, 16, 16, 18, 21, 42, 38,
17, 16, 17, 18, 20, 28, 47, 37,
18, 18, 18, 20, 26, 48, 63, 27,
28, 29, 25, 30, 52, 84, 33, 22,
27, 28, 53, 40, 45, 32, 22, 20,

INTER32X32_LUMA_DC =
17,

INTER32X32_CHROMAU =
17, 16, 16, 16, 16, 21, 30, 23,
16, 16, 16, 16, 16, 19, 35, 32,
16, 16, 16, 16, 17, 19, 36, 39,
16, 16, 16, 16, 18, 21, 42, 38,
17, 16, 17, 18, 20, 28, 47, 37,
18, 18, 18, 20, 26, 48, 63, 27,
28, 29, 25, 30, 52, 84, 33, 22,
27, 28, 53, 40, 45, 32, 22, 20,

INTER32X32_CHROMAU_DC =
17,

INTER32X32_CHROMAV =
17, 16, 16, 16, 16, 21, 30, 23,
16, 16, 16, 16, 16, 19, 35, 32,
16, 16, 16, 16, 17, 19, 36, 39,
16, 16, 16, 16, 18, 21, 42, 38,
17, 16, 17, 18, 20, 28, 47, 37,
18, 18, 18, 20, 26, 48, 63, 27,
28, 29, 25, 30, 52, 84, 33, 22,
27, 28, 53, 40, 45, 32, 22, 20,

INTER32X32_CHROMAV_DC =
17,

INTRA64X64_LUMA =
17, 16, 16, 16, 16, 21, 30, 23,
16, 16, 16, 16, 16, 19, 35, 32,
16, 16, 16, 16, 17, 19, 36, 39,
16, 16, 16, 16, 18, 21, 42, 38,
17, 16, 17, 18, 20, 28, 47, 37,
18, 18, 18, 20, 26, 48, 63, 27,
28, 29, 25, 30, 52, 84, 33, 22,
27, 28, 53, 40, 45, 32, 22, 20,

INTRA64X64_LUMA_DC =
17,

INTER64X64_LUMA =
17, 16, 16, 16, 16, 21, 30, 23,
16, 16, 16, 16, 16, 19, 35, 32,
16, 16, 16, 16, 17, 19, 36, 39,
16, 16, 16, 16, 18, 21, 42, 38,
17, 16, 17, 18, 20, 28, 47, 37,
18, 18, 18, 20, 26, 48, 63, 27,
28, 29, 25, 30, 52, 84, 33, 22,
27, 28, 53, 40, 45, 32, 22, 20,

INTER64X64_LUMA_DC =
17,

