INTRA2X2_LUMA =
38, 100,
105, 127,

INTRA2X2_CHROMAU =
38, 100,
105, 127,

INTRA2X2_CHROMAV =
38, 100,
105, 127,

INTER2X2_LUMA =
38, 100,
105, 127,

INTER2X2_CHROMAU =
38, 100,
105, 127,

INTER2X2_CHROMAV =
38, 100,
105, 127,

INTRA4X4_LUMA =
52, 37, 59, 127,
44, 40, 74, 127,
70, 71, 117, 127,
126, 127, 127, 127,

INTRA4X4_CHROMAU =
52, 37, 59, 127,
44, 40, 74, 127,
70, 71, 117, 127,
126, 127, 127, 127,

INTRA4X4_CHROMAV =
52, 37, 59, 127,
44, 40, 74, 127,
70, 71, 117, 127,
126, 127, 127, 127,

INTER4X4_LUMA =
52, 37, 59, 127,
44, 40, 74, 127,
70, 71, 117, 127,
126, 127, 127, 127,

INTER4X4_CHROMAU =
52, 37, 59, 127,
44, 40, 74, 127,
70, 71, 117, 127,
126, 127, 127, 127,

INTER4X4_CHROMAV =
52, 37, 59, 127,
44, 40, 74, 127,
70, 71, 117, 127,
126, 127, 127, 127,

INTRA8X8_LUMA =
102, 42, 35, 35, 49, 93, 125, 127,
66, 38, 33, 33, 47, 85, 125, 127,
56, 38, 32, 34, 56, 90, 125, 127,
57, 40, 40, 43, 66, 107, 126, 127,
66, 56, 55, 65, 90, 124, 127, 127,
87, 85, 85, 103, 123, 127, 127, 127,
125, 125, 125, 126, 127, 127, 127, 127,
127, 127, 127, 127, 127, 127, 127, 127,

INTRA8X8_CHROMAU =
102, 42, 35, 35, 49, 93, 125, 127,
66, 38, 33, 33, 47, 85, 125, 127,
56, 38, 32, 34, 56, 90, 125, 127,
57, 40, 40, 43, 66, 107, 126, 127,
66, 56, 55, 65, 90, 124, 127, 127,
87, 85, 85, 103, 123, 127, 127, 127,
125, 125, 125, 126, 127, 127, 127, 127,
127, 127, 127, 127, 127, 127, 127, 127,

INTRA8X8_CHROMAV =
102, 42, 35, 35, 49, 93, 125, 127,
66, 38, 33, 33, 47, 85, 125, 127,
56, 38, 32, 34, 56, 90, 125, 127,
57, 40, 40, 43, 66, 107, 126, 127,
66, 56, 55, 65, 90, 124, 127, 127,
87, 85, 85, 103, 123, 127, 127, 127,
125, 125, 125, 126, 127, 127, 127, 127,
127, 127, 127, 127, 127, 127, 127, 127,

INTER8X8_LUMA =
102, 42, 35, 35, 49, 93, 125, 127,
66, 38, 33, 33, 47, 85, 125, 127,
56, 38, 32, 34, 56, 90, 125, 127,
57, 40, 40, 43, 66, 107, 126, 127,
66, 56, 55, 65, 90, 124, 127, 127,
87, 85, 85, 103, 123, 127, 127, 127,
125, 125, 125, 126, 127, 127, 127, 127,
127, 127, 127, 127, 127, 127, 127, 127,

INTER8X8_CHROMAU =
102, 42, 35, 35, 49, 93, 125, 127,
66, 38, 33, 33, 47, 85, 125, 127,
56, 38, 32, 34, 56, 90, 125, 127,
57, 40, 40, 43, 66, 107, 126, 127,
66, 56, 55, 65, 90, 124, 127, 127,
87, 85, 85, 103, 123, 127, 127, 127,
125, 125, 125, 126, 127, 127, 127, 127,
127, 127, 127, 127, 127, 127, 127, 127,

INTER8X8_CHROMAV =
102, 42, 35, 35, 49, 93, 125, 127,
66, 38, 33, 33, 47, 85, 125, 127,
56, 38, 32, 34, 56, 90, 125, 127,
57, 40, 40, 43, 66, 107, 126, 127,
66, 56, 55, 65, 90, 124, 127, 127,
87, 85, 85, 103, 123, 127, 127, 127,
125, 125, 125, 126, 127, 127, 127, 127,
127, 127, 127, 127, 127, 127, 127, 127,

INTRA16X16_LUMA =
96, 42, 34, 33, 54, 99, 124, 127,
73, 38, 29, 31, 50, 91, 124, 127,
56, 36, 30, 32, 52, 93, 124, 127,
54, 41, 38, 45, 72, 110, 126, 127,
62, 57, 56, 70, 102, 124, 127, 127,
84, 85, 89, 105, 123, 127, 127, 127,
124, 124, 123, 126, 127, 127, 127, 127,
127, 127, 127, 127, 127, 127, 127, 127,

INTRA16X16_LUMA_DC =
105,

INTRA16X16_CHROMAU =
96, 42, 34, 33, 54, 99, 124, 127,
73, 38, 29, 31, 50, 91, 124, 127,
56, 36, 30, 32, 52, 93, 124, 127,
54, 41, 38, 45, 72, 110, 126, 127,
62, 57, 56, 70, 102, 124, 127, 127,
84, 85, 89, 105, 123, 127, 127, 127,
124, 124, 123, 126, 127, 127, 127, 127,
127, 127, 127, 127, 127, 127, 127, 127,

INTRA16X16_CHROMAU_DC =
105,

INTRA16X16_CHROMAV =
96, 42, 34, 33, 54, 99, 124, 127,
73, 38, 29, 31, 50, 91, 124, 127,
56, 36, 30, 32, 52, 93, 124, 127,
54, 41, 38, 45, 72, 110, 126, 127,
62, 57, 56, 70, 102, 124, 127, 127,
84, 85, 89, 105, 123, 127, 127, 127,
124, 124, 123, 126, 127, 127, 127, 127,
127, 127, 127, 127, 127, 127, 127, 127,

INTRA16X16_CHROMAV_DC =
105,

INTER16X16_LUMA =
96, 42, 34, 33, 54, 99, 124, 127,
73, 38, 29, 31, 50, 91, 124, 127,
56, 36, 30, 32, 52, 93, 124, 127,
54, 41, 38, 45, 72, 110, 126, 127,
62, 57, 56, 70, 102, 124, 127, 127,
84, 85, 89, 105, 123, 127, 127, 127,
124, 124, 123, 126, 127, 127, 127, 127,
127, 127, 127, 127, 127, 127, 127, 127,

INTER16X16_LUMA_DC =
105,

INTER16X16_CHROMAU =
96, 42, 34, 33, 54, 99, 124, 127,
73, 38, 29, 31, 50, 91, 124, 127,
56, 36, 30, 32, 52, 93, 124, 127,
54, 41, 38, 45, 72, 110, 126, 127,
62, 57, 56, 70, 102, 124, 127, 127,
84, 85, 89, 105, 123, 127, 127, 127,
124, 124, 123, 126, 127, 127, 127, 127,
127, 127, 127, 127, 127, 127, 127, 127,

INTER16X16_CHROMAU_DC =
105,

INTER16X16_CHROMAV =
96, 42, 34, 33, 54, 99, 124, 127,
73, 38, 29, 31, 50, 91, 124, 127,
56, 36, 30, 32, 52, 93, 124, 127,
54, 41, 38, 45, 72, 110, 126, 127,
62, 57, 56, 70, 102, 124, 127, 127,
84, 85, 89, 105, 123, 127, 127, 127,
124, 124, 123, 126, 127, 127, 127, 127,
127, 127, 127, 127, 127, 127, 127, 127,

INTER16X16_CHROMAV_DC =
105,

INTRA32X32_LUMA =
113, 37, 35, 36, 63, 96, 124, 127,
76, 38, 30, 32, 48, 95, 122, 127,
60, 37, 32, 34, 55, 92, 122, 127,
54, 40, 37, 48, 75, 106, 125, 127,
62, 58, 55, 77, 99, 122, 126, 127,
86, 87, 88, 101, 120, 125, 127, 127,
124, 122, 122, 124, 126, 127, 127, 127,
127, 127, 127, 127, 127, 127, 127, 127,

INTRA32X32_LUMA_DC =
69,

INTRA32X32_CHROMAU =
113, 37, 35, 36, 63, 96, 124, 127,
76, 38, 30, 32, 48, 95, 122, 127,
60, 37, 32, 34, 55, 92, 122, 127,
54, 40, 37, 48, 75, 106, 125, 127,
62, 58, 55, 77, 99, 122, 126, 127,
86, 87, 88, 101, 120, 125, 127, 127,
124, 122, 122, 124, 126, 127, 127, 127,
127, 127, 127, 127, 127, 127, 127, 127,

INTRA32X32_CHROMAU_DC =
69,

INTRA32X32_CHROMAV =
113, 37, 35, 36, 63, 96, 124, 127,
76, 38, 30, 32, 48, 95, 122, 127,
60, 37, 32, 34, 55, 92, 122, 127,
54, 40, 37, 48, 75, 106, 125, 127,
62, 58, 55, 77, 99, 122, 126, 127,
86, 87, 88, 101, 120, 125, 127, 127,
124, 122, 122, 124, 126, 127, 127, 127,
127, 127, 127, 127, 127, 127, 127, 127,

INTRA32X32_CHROMAV_DC =
69,

INTER32X32_LUMA =
113, 37, 35, 36, 63, 96, 124, 127,
76, 38, 30, 32, 48, 95, 122, 127,
60, 37, 32, 34, 55, 92, 122, 127,
54, 40, 37, 48, 75, 106, 125, 127,
62, 58, 55, 77, 99, 122, 126, 127,
86, 87, 88, 101, 120, 125, 127, 127,
124, 122, 122, 124, 126, 127, 127, 127,
127, 127, 127, 127, 127, 127, 127, 127,

INTER32X32_LUMA_DC =
69,

INTER32X32_CHROMAU =
113, 37, 35, 36, 63, 96, 124, 127,
76, 38, 30, 32, 48, 95, 122, 127,
60, 37, 32, 34, 55, 92, 122, 127,
54, 40, 37, 48, 75, 106, 125, 127,
62, 58, 55, 77, 99, 122, 126, 127,
86, 87, 88, 101, 120, 125, 127, 127,
124, 122, 122, 124, 126, 127, 127, 127,
127, 127, 127, 127, 127, 127, 127, 127,

INTER32X32_CHROMAU_DC =
69,

INTER32X32_CHROMAV =
113, 37, 35, 36, 63, 96, 124, 127,
76, 38, 30, 32, 48, 95, 122, 127,
60, 37, 32, 34, 55, 92, 122, 127,
54, 40, 37, 48, 75, 106, 125, 127,
62, 58, 55, 77, 99, 122, 126, 127,
86, 87, 88, 101, 120, 125, 127, 127,
124, 122, 122, 124, 126, 127, 127, 127,
127, 127, 127, 127, 127, 127, 127, 127,

INTER32X32_CHROMAV_DC =
69,

INTRA64X64_LUMA =
113, 37, 35, 36, 63, 96, 124, 127,
76, 38, 30, 32, 48, 95, 122, 127,
60, 37, 32, 34, 55, 92, 122, 127,
54, 40, 37, 48, 75, 106, 125, 127,
62, 58, 55, 77, 99, 122, 126, 127,
86, 87, 88, 101, 120, 125, 127, 127,
124, 122, 122, 124, 126, 127, 127, 127,
127, 127, 127, 127, 127, 127, 127, 127,

INTRA64X64_LUMA_DC =
69,

INTER64X64_LUMA =
113, 37, 35, 36, 63, 96, 124, 127,
76, 38, 30, 32, 48, 95, 122, 127,
60, 37, 32, 34, 55, 92, 122, 127,
54, 40, 37, 48, 75, 106, 125, 127,
62, 58, 55, 77, 99, 122, 126, 127,
86, 87, 88, 101, 120, 125, 127, 127,
124, 122, 122, 124, 126, 127, 127, 127,
127, 127, 127, 127, 127, 127, 127, 127,

INTER64X64_LUMA_DC =
69,

