INTRA2X2_LUMA =
21, 35,
40, 96,

INTRA2X2_CHROMAU =
21, 35,
40, 96,

INTRA2X2_CHROMAV =
21, 35,
40, 96,

INTER2X2_LUMA =
21, 35,
40, 96,

INTER2X2_CHROMAU =
21, 35,
40, 96,

INTER2X2_CHROMAV =
21, 35,
40, 96,

INTRA4X4_LUMA =
23, 21, 23, 59,
23, 21, 26, 66,
27, 26, 37, 110,
63, 68, 105, 127,

INTRA4X4_CHROMAU =
23, 21, 23, 59,
23, 21, 26, 66,
27, 26, 37, 110,
63, 68, 105, 127,

INTRA4X4_CHROMAV =
23, 21, 23, 59,
23, 21, 26, 66,
27, 26, 37, 110,
63, 68, 105, 127,

INTER4X4_LUMA =
23, 21, 23, 59,
23, 21, 26, 66,
27, 26, 37, 110,
63, 68, 105, 127,

INTER4X4_CHROMAU =
23, 21, 23, 59,
23, 21, 26, 66,
27, 26, 37, 110,
63, 68, 105, 127,

INTER4X4_CHROMAV =
23, 21, 23, 59,
23, 21, 26, 66,
27, 26, 37, 110,
63, 68, 105, 127,

INTRA8X8_LUMA =
32, 22, 20, 20, 21, 26, 39, 120,
32, 22, 20, 20, 21, 25, 39, 107,
27, 21, 20, 19, 21, 25, 42, 90,
24, 21, 20, 21, 23, 28, 48, 116,
25, 23, 22, 24, 27, 43, 73, 126,
30, 28, 26, 30, 38, 57, 106, 127,
47, 42, 44, 48, 66, 107, 126, 127,
121, 109, 95, 115, 125, 127, 127, 128,

INTRA8X8_CHROMAU =
32, 22, 20, 20, 21, 26, 39, 120,
32, 22, 20, 20, 21, 25, 39, 107,
27, 21, 20, 19, 21, 25, 42, 90,
24, 21, 20, 21, 23, 28, 48, 116,
25, 23, 22, 24, 27, 43, 73, 126,
30, 28, 26, 30, 38, 57, 106, 127,
47, 42, 44, 48, 66, 107, 126, 127,
121, 109, 95, 115, 125, 127, 127, 128,

INTRA8X8_CHROMAV =
32, 22, 20, 20, 21, 26, 39, 120,
32, 22, 20, 20, 21, 25, 39, 107,
27, 21, 20, 19, 21, 25, 42, 90,
24, 21, 20, 21, 23, 28, 48, 116,
25, 23, 22, 24, 27, 43, 73, 126,
30, 28, 26, 30, 38, 57, 106, 127,
47, 42, 44, 48, 66, 107, 126, 127,
121, 109, 95, 115, 125, 127, 127, 128,

INTER8X8_LUMA =
32, 22, 20, 20, 21, 26, 39, 120,
32, 22, 20, 20, 21, 25, 39, 107,
27, 21, 20, 19, 21, 25, 42, 90,
24, 21, 20, 21, 23, 28, 48, 116,
25, 23, 22, 24, 27, 43, 73, 126,
30, 28, 26, 30, 38, 57, 106, 127,
47, 42, 44, 48, 66, 107, 126, 127,
121, 109, 95, 115, 125, 127, 127, 128,

INTER8X8_CHROMAU =
32, 22, 20, 20, 21, 26, 39, 120,
32, 22, 20, 20, 21, 25, 39, 107,
27, 21, 20, 19, 21, 25, 42, 90,
24, 21, 20, 21, 23, 28, 48, 116,
25, 23, 22, 24, 27, 43, 73, 126,
30, 28, 26, 30, 38, 57, 106, 127,
47, 42, 44, 48, 66, 107, 126, 127,
121, 109, 95, 115, 125, 127, 127, 128,

INTER8X8_CHROMAV =
32, 22, 20, 20, 21, 26, 39, 120,
32, 22, 20, 20, 21, 25, 39, 107,
27, 21, 20, 19, 21, 25, 42, 90,
24, 21, 20, 21, 23, 28, 48, 116,
25, 23, 22, 24, 27, 43, 73, 126,
30, 28, 26, 30, 38, 57, 106, 127,
47, 42, 44, 48, 66, 107, 126, 127,
121, 109, 95, 115, 125, 127, 127, 128,

INTRA16X16_LUMA =
39, 23, 22, 21, 23, 29, 51, 120,
35, 24, 22, 21, 23, 26, 43, 102,
28, 23, 21, 21, 22, 27, 48, 93,
27, 23, 22, 22, 24, 31, 55, 109,
28, 25, 24, 26, 29, 40, 81, 123,
32, 29, 28, 32, 44, 67, 105, 126,
56, 50, 49, 55, 80, 106, 124, 127,
120, 106, 99, 113, 123, 126, 127, 128,

INTRA16X16_LUMA_DC =
46,

INTRA16X16_CHROMAU =
39, 23, 22, 21, 23, 29, 51, 120,
35, 24, 22, 21, 23, 26, 43, 102,
28, 23, 21, 21, 22, 27, 48, 93,
27, 23, 22, 22, 24, 31, 55, 109,
28, 25, 24, 26, 29, 40, 81, 123,
32, 29, 28, 32, 44, 67, 105, 126,
56, 50, 49, 55, 80, 106, 124, 127,
120, 106, 99, 113, 123, 126, 127, 128,

INTRA16X16_CHROMAU_DC =
46,

INTRA16X16_CHROMAV =
39, 23, 22, 21, 23, 29, 51, 120,
35, 24, 22, 21, 23, 26, 43, 102,
28, 23, 21, 21, 22, 27, 48, 93,
27, 23, 22, 22, 24, 31, 55, 109,
28, 25, 24, 26, 29, 40, 81, 123,
32, 29, 28, 32, 44, 67, 105, 126,
56, 50, 49, 55, 80, 106, 124, 127,
120, 106, 99, 113, 123, 126, 127, 128,

INTRA16X16_CHROMAV_DC =
46,

INTER16X16_LUMA =
39, 23, 22, 21, 23, 29, 51, 120,
35, 24, 22, 21, 23, 26, 43, 102,
28, 23, 21, 21, 22, 27, 48, 93,
27, 23, 22, 22, 24, 31, 55, 109,
28, 25, 24, 26, 29, 40, 81, 123,
32, 29, 28, 32, 44, 67, 105, 126,
56, 50, 49, 55, 80, 106, 124, 127,
120, 106, 99, 113, 123, 126, 127, 128,

INTER16X16_LUMA_DC =
46,

INTER16X16_CHROMAU =
39, 23, 22, 21, 23, 29, 51, 120,
35, 24, 22, 21, 23, 26, 43, 102,
28, 23, 21, 21, 22, 27, 48, 93,
27, 23, 22, 22, 24, 31, 55, 109,
28, 25, 24, 26, 29, 40, 81, 123,
32, 29, 28, 32, 44, 67, 105, 126,
56, 50, 49, 55, 80, 106, 124, 127,
120, 106, 99, 113, 123, 126, 127, 128,

INTER16X16_CHROMAU_DC =
46,

INTER16X16_CHROMAV =
39, 23, 22, 21, 23, 29, 51, 120,
35, 24, 22, 21, 23, 26, 43, 102,
28, 23, 21, 21, 22, 27, 48, 93,
27, 23, 22, 22, 24, 31, 55, 109,
28, 25, 24, 26, 29, 40, 81, 123,
32, 29, 28, 32, 44, 67, 105, 126,
56, 50, 49, 55, 80, 106, 124, 127,
120, 106, 99, 113, 123, 126, 127, 128,

INTER16X16_CHROMAV_DC =
46,

INTRA32X32_LUMA =
57, 25, 24, 24, 27, 33, 60, 120,
39, 25, 23, 22, 25, 30, 47, 98,
31, 25, 22, 23, 26, 31, 43, 88,
29, 25, 23, 25, 28, 33, 63, 112,
31, 28, 26, 28, 34, 43, 77, 121,
35, 35, 32, 33, 44, 62, 105, 124,
60, 53, 48, 59, 82, 106, 122, 127,
118, 100, 90, 112, 122, 124, 127, 127,

INTRA32X32_LUMA_DC =
41,

INTRA32X32_CHROMAU =
57, 25, 24, 24, 27, 33, 60, 120,
39, 25, 23, 22, 25, 30, 47, 98,
31, 25, 22, 23, 26, 31, 43, 88,
29, 25, 23, 25, 28, 33, 63, 112,
31, 28, 26, 28, 34, 43, 77, 121,
35, 35, 32, 33, 44, 62, 105, 124,
60, 53, 48, 59, 82, 106, 122, 127,
118, 100, 90, 112, 122, 124, 127, 127,

INTRA32X32_CHROMAU_DC =
41,

INTRA32X32_CHROMAV =
57, 25, 24, 24, 27, 33, 60, 120,
39, 25, 23, 22, 25, 30, 47, 98,
31, 25, 22, 23, 26, 31, 43, 88,
29, 25, 23, 25, 28, 33, 63, 112,
31, 28, 26, 28, 34, 43, 77, 121,
35, 35, 32, 33, 44, 62, 105, 124,
60, 53, 48, 59, 82, 106, 122, 127,
118, 100, 90, 112, 122, 124, 127, 127,

INTRA32X32_CHROMAV_DC =
41,

INTER32X32_LUMA =
57, 25, 24, 24, 27, 33, 60, 120,
39, 25, 23, 22, 25, 30, 47, 98,
31, 25, 22, 23, 26, 31, 43, 88,
29, 25, 23, 25, 28, 33, 63, 112,
31, 28, 26, 28, 34, 43, 77, 121,
35, 35, 32, 33, 44, 62, 105, 124,
60, 53, 48, 59, 82, 106, 122, 127,
118, 100, 90, 112, 122, 124, 127, 127,

INTER32X32_LUMA_DC =
41,

INTER32X32_CHROMAU =
57, 25, 24, 24, 27, 33, 60, 120,
39, 25, 23, 22, 25, 30, 47, 98,
31, 25, 22, 23, 26, 31, 43, 88,
29, 25, 23, 25, 28, 33, 63, 112,
31, 28, 26, 28, 34, 43, 77, 121,
35, 35, 32, 33, 44, 62, 105, 124,
60, 53, 48, 59, 82, 106, 122, 127,
118, 100, 90, 112, 122, 124, 127, 127,

INTER32X32_CHROMAU_DC =
41,

INTER32X32_CHROMAV =
57, 25, 24, 24, 27, 33, 60, 120,
39, 25, 23, 22, 25, 30, 47, 98,
31, 25, 22, 23, 26, 31, 43, 88,
29, 25, 23, 25, 28, 33, 63, 112,
31, 28, 26, 28, 34, 43, 77, 121,
35, 35, 32, 33, 44, 62, 105, 124,
60, 53, 48, 59, 82, 106, 122, 127,
118, 100, 90, 112, 122, 124, 127, 127,

INTER32X32_CHROMAV_DC =
41,

INTRA64X64_LUMA =
57, 25, 24, 24, 27, 33, 60, 120,
39, 25, 23, 22, 25, 30, 47, 98,
31, 25, 22, 23, 26, 31, 43, 88,
29, 25, 23, 25, 28, 33, 63, 112,
31, 28, 26, 28, 34, 43, 77, 121,
35, 35, 32, 33, 44, 62, 105, 124,
60, 53, 48, 59, 82, 106, 122, 127,
118, 100, 90, 112, 122, 124, 127, 127,

INTRA64X64_LUMA_DC =
41,

INTER64X64_LUMA =
57, 25, 24, 24, 27, 33, 60, 120,
39, 25, 23, 22, 25, 30, 47, 98,
31, 25, 22, 23, 26, 31, 43, 88,
29, 25, 23, 25, 28, 33, 63, 112,
31, 28, 26, 28, 34, 43, 77, 121,
35, 35, 32, 33, 44, 62, 105, 124,
60, 53, 48, 59, 82, 106, 122, 127,
118, 100, 90, 112, 122, 124, 127, 127,

INTER64X64_LUMA_DC =
41,

